0 0 
620 252 
633 253 
514 234 
522 260 
426 299 
422 265 
427 253 
422 216 
608 250 
536 274 
505 264 
531 249 
431 236 
545 242 
410 283 
449 247 
543 263 
392 243 
533 255 
462 279 
487 241 
513 273 
476 236 
408 253 
360 267 
543 239 
523 231 
464 264 
359 291 
352 279 
426 239 
253 252 
231 265 
225 283 
252 253 
319 264 
317 253 
424 254 
286 329 
142 256 
135 239 
155 273 
139 293 
168 285 
145 267 
269 240 
97 298 
0 267 
0 243 
0 0 
0 0 
332 221 
290 254 
205 280 
289 267 
120 252 
231 243 
258 242 
219 263 
281 253 
263 271 
408 240 
276 231 
349 264 
317 284 
312 264 
336 261 
190 228 
377 250 
232 295 
126 278 
150 233 
0 257 
81 277 
0 0 
0 0 
0 0 
0 0 
17 302 
0 0 
0 0 
178 246 
179 258 
69 233 
76 259 
67 264 
104 242 
0 0 
0 0 
1 265 
0 241 
0 0 
0 0 
0 0 
0 0 
0 0 
0 0 
0 0 
0 0 
0 0 
0 0 
0 0 
0 0 
0 0 
0 0 
0 0 
0 0 
0 0 
0 0 
0 0 
0 0 
0 0 
0 0 
0 0 
0 0 
0 0 
0 0 
0 0 
0 0 
0 0 
0 0 
0 0 
0 0 
0 0 
0 0 
0 0 
0 0 
0 0 
0 0 
0 0 
0 0 
0 0 
0 0 
0 0 
0 0 
0 0 
0 0 
0 0 
0 0 
0 0 
0 0 
0 0 
0 0 
0 0 
0 0 
0 0 
0 0 
0 0 
0 0 
0 0 
0 0 
0 0 
0 0 
0 0 
0 0 
0 0 
0 0 
0 0 
0 0 
7 267 
13 243 
56 249 
35 240 
39 259 
149 255 
0 0 
0 0 
0 0 
0 0 
0 0 
0 0 
0 0 
0 0 
0 0 
0 0 
0 0 
0 0 
0 0 
0 0 
0 0 
0 0 
0 0 
0 0 
0 0 
0 0 
0 294 
0 245 
0 254 
30 241 
27 236 
45 258 
6 260 
101 263 
0 0 
0 0 
0 0 
0 0 
0 0 
0 0 
0 0 
0 0 
0 0 
0 0 
0 0 
0 0 
0 0 
0 0 
0 0 
0 0 
0 0 
0 0 
0 0 
0 0 
0 0 
0 0 
0 0 
0 0 
0 0 
0 0 
0 0 
0 0 
0 0 
0 0 
0 0 
0 0 
0 0 
0 0 
0 0 
0 0 
0 0 
0 0 
0 0 
0 0 
0 246 
0 281 
0 249 
7 246 
0 257 
102 258 
0 0 
0 0 
0 0 
0 0 
0 305 
0 0 
0 0 
51 235 
40 250 
0 0 
0 0 
0 252 
0 261 
101 273 
40 259 
265 222 
203 276 
278 284 
289 273 
233 251 
383 227 
368 273 
463 284 
447 280 
391 256 
511 237 
384 265 
477 248 
438 249 
355 263 
496 232 
363 256 
364 280 
361 295 
330 281 
445 230 
355 213 
503 299 
478 254 
458 251 
617 250 
409 279 
421 277 
465 282 
393 272 
414 252 
282 250 
446 238 
426 273 
379 262 
417 240 
272 287 
370 237 
478 259 
390 263 
485 237 
331 271 
375 293 
333 269 
146 264 
164 270 
0 242 
0 0 
0 0 
0 0 
0 0 
0 0 
0 0 
0 0 
0 0 
0 0 
0 0 
122 191 
102 236 
0 0 
0 0 
2 268 
0 210 
45 265 
32 289 
38 273 
192 252 
63 259 
121 290 
132 278 
7 241 
374 275 
425 283 
375 289 
509 258 
380 227 
481 224 
443 294 
377 275 
447 280 
368 231 
433 258 
301 255 
406 293 
351 323 
292 209 
243 240 
256 282 
377 310 
199 246 
99 287 
286 256 
189 251 
360 281 
411 335 
314 252 
344 264 
308 284 
327 287 
363 268 
311 229 
433 251 
387 284 
467 286 
474 300 
353 258 
538 244 
589 273 
542 265 
637 303 
571 215 
0 0 
0 0 
0 0 
0 0 
0 0 
0 0 
0 0 
0 0 
0 0 
0 0 
0 0 
0 0 
603 157 
637 262 
636 262 
0 0 
0 0 
631 258 
630 255 
0 0 
0 0 
0 0 
0 0 
637 305 
0 0 
0 0 
521 253 
500 257 
613 256 
583 271 
533 306 
517 294 
559 274 
296 254 
296 287 
145 273 
138 284 
126 277 
120 292 
158 289 
104 291 
20 261 
197 213 
239 270 
251 303 
309 279 
230 253 
354 243 
252 285 
214 287 
320 273 
199 229 
168 270 
95 278 
74 279 
264 239 
247 300 
190 314 
185 263 
