0.0 0.0 0.0 0.0 
0.0 0.0 0.0 0.0 
8.06793403625 -5.83692026138 7.4629983902 -8.14999675751 
8.0027256012 -5.86340808868 7.4629983902 -8.14999675751 
8.08162593842 -5.8746919632 7.4629983902 -8.14999675751 
8.08054161072 -5.8869972229 7.4629983902 -8.14999675751 
8.01801967621 -5.87902259827 7.4629983902 -8.14999675751 
8.03695201874 -5.88359832764 7.4629983902 -8.14999675751 
8.02394294739 -5.88242673874 7.4629983902 -8.14999675751 
8.06703090668 -5.84441137314 7.4629983902 -8.14999675751 
8.1041727066 -5.85021400452 7.4629983902 -8.14999675751 
8.03949832916 -5.89437913895 7.4629983902 -8.14999675751 
8.08500289917 -5.89943265915 7.4629983902 -8.14999675751 
8.04839420319 -5.91101026535 7.4629983902 -8.14999675751 
8.03936672211 -5.90868091583 7.4629983902 -8.14999675751 
8.04836845398 -5.94973802567 7.4629983902 -8.14999675751 
8.05338859558 -5.95719528198 7.4629983902 -8.14999675751 
8.12303924561 -5.96861553192 7.4629983902 -8.14999675751 
8.04887199402 -5.9883275032 7.4629983902 -8.14999675751 
8.03997421265 -5.99220132828 7.4629983902 -8.14999675751 
8.05446910858 -6.02902412415 7.4629983902 -8.14999675751 
8.07021903992 -6.05205631256 7.4629983902 -8.14999675751 
8.10494613647 -6.06125926971 7.4629983902 -8.14999675751 
8.05037879944 -6.09929513931 7.4629983902 -8.14999675751 
8.09677600861 -6.14538860321 7.4629983902 -8.14999675751 
8.0723028183 -6.1561255455 7.4629983902 -8.14999675751 
8.09236049652 -6.12641716003 7.4629983902 -8.14999675751 
8.05366039276 -6.17313623428 7.4629983902 -8.14999675751 
8.06727981567 -6.17945623398 7.4629983902 -8.14999675751 
8.11262607574 -6.21322345734 7.4629983902 -8.14999675751 
8.07179927826 -6.2309346199 7.4629983902 -8.14999675751 
8.10367488861 -6.22805690765 7.4629983902 -8.14999675751 
8.09362411499 -6.21064996719 7.4629983902 -8.14999675751 
8.07313346863 -6.22714328766 7.4629983902 -8.14999675751 
8.05277633667 -6.26335716248 7.4629983902 -8.14999675751 
8.06609535217 -6.27924013138 7.4629983902 -8.14999675751 
8.12387180328 -6.32816696167 7.4629983902 -8.14999675751 
8.07722568512 -6.32162475586 7.4629983902 -8.14999675751 
8.03897476196 -6.27926206589 7.4629983902 -8.14999675751 
8.11105823517 -6.32260560989 7.4629983902 -8.14999675751 
8.02321720123 -6.2890791893 7.4629983902 -8.14999675751 
8.07991123199 -6.3663187027 7.4629983902 -8.14999675751 
8.03168106079 -6.36310529709 7.4629983902 -8.14999675751 
7.99384593964 -6.37308216095 7.4629983902 -8.14999675751 
8.04015636444 -6.40688848495 7.4629983902 -8.14999675751 
7.99026250839 -6.40461587906 7.4629983902 -8.14999675751 
8.02297878265 -6.38432073593 7.4629983902 -8.14999675751 
8.0490064621 -6.37840366364 7.4629983902 -8.14999675751 
8.00829982758 -6.38735723495 7.4629983902 -8.14999675751 
8.00047779083 -6.44817972183 7.4629983902 -8.14999675751 
7.98360443115 -6.40538024902 7.4629983902 -8.14999675751 
7.98554468155 -6.3576426506 7.4629983902 -8.14999675751 
7.98512506485 -6.36790752411 7.4629983902 -8.14999675751 
7.98117542267 -6.36943149567 7.4629983902 -8.14999675751 
7.97971248627 -6.39078235626 7.4629983902 -8.14999675751 
7.96211862564 -6.40599346161 7.4629983902 -8.14999675751 
7.94164514542 -6.38852310181 7.4629983902 -8.14999675751 
7.92749643326 -6.41021728516 7.4629983902 -8.14999675751 
7.94449234009 -6.44221973419 7.4629983902 -8.14999675751 
7.9197716713 -6.4489569664 7.4629983902 -8.14999675751 
7.97846126556 -6.48890304565 7.4629983902 -8.14999675751 
7.90432739258 -6.48005819321 7.4629983902 -8.14999675751 
7.92113494873 -6.47778558731 7.4629983902 -8.14999675751 
7.93276071548 -6.46731042862 7.4629983902 -8.14999675751 
7.89663553238 -6.49089670181 7.4629983902 -8.14999675751 
7.9383649826 -6.50234127045 7.4629983902 -8.14999675751 
7.86958217621 -6.53298664093 7.4629983902 -8.14999675751 
7.91902256012 -6.54905176163 7.4629983902 -8.14999675751 
7.90028858185 -6.52912759781 7.4629983902 -8.14999675751 
7.88759708405 -6.49755096436 7.4629983902 -8.14999675751 
7.94115161896 -6.53409671783 7.4629983902 -8.14999675751 
7.91135692596 -6.55667972565 7.4629983902 -8.14999675751 
7.90899038315 -6.56346797943 7.4629983902 -8.14999675751 
7.88308238983 -6.51601409912 7.4629983902 -8.14999675751 
7.87494421005 -6.51567935944 7.4629983902 -8.14999675751 
7.9024682045 -6.57882785797 7.4629983902 -8.14999675751 
7.81156921387 -6.53934240341 7.4629983902 -8.14999675751 
7.84804010391 -6.56427669525 7.4629983902 -8.14999675751 
7.86577749252 -6.58366298676 7.4629983902 -8.14999675751 
7.84329843521 -6.56382751465 7.4629983902 -8.14999675751 
7.83582305908 -6.550822258 7.4629983902 -8.14999675751 
7.84433269501 -6.53914546967 7.4629983902 -8.14999675751 
7.86866474152 -6.55239629745 7.4629983902 -8.14999675751 
7.85995578766 -6.54864645004 7.4629983902 -8.14999675751 
7.865193367 -6.53328180313 7.4629983902 -8.14999675751 
7.88080215454 -6.54330348969 7.4629983902 -8.14999675751 
7.82155370712 -6.54217243195 7.4629983902 -8.14999675751 
7.84913635254 -6.56942653656 7.4629983902 -8.14999675751 
7.81800556183 -6.54355716705 7.4629983902 -8.14999675751 
7.78513050079 -6.54208135605 7.4629983902 -8.14999675751 
7.80055475235 -6.53883600235 7.4629983902 -8.14999675751 
7.7948141098 -6.54052448273 7.4629983902 -8.14999675751 
7.73365545273 -6.5850610733 7.4629983902 -8.14999675751 
7.76559686661 -6.57047128677 7.4629983902 -8.14999675751 
7.76716852188 -6.59966802597 7.4629983902 -8.14999675751 
7.76643371582 -6.58253335953 7.4629983902 -8.14999675751 
7.76770019531 -6.58819675446 7.4629983902 -8.14999675751 
7.76608562469 -6.58244562149 7.4629983902 -8.14999675751 
7.75419616699 -6.57013845444 7.4629983902 -8.14999675751 
7.74868154526 -6.59416723251 7.4629983902 -8.14999675751 
7.76529693604 -6.58693408966 7.4629983902 -8.14999675751 
7.70991134644 -6.53134393692 7.4629983902 -8.14999675751 
7.70502996445 -6.51839160919 7.4629983902 -8.14999675751 
7.73726654053 -6.55389261246 7.4629983902 -8.14999675751 
7.77568531036 -6.55172491074 7.4629983902 -8.14999675751 
7.72576999664 -6.55350494385 7.4629983902 -8.14999675751 
7.74753665924 -6.53821468353 7.4629983902 -8.14999675751 
7.76376342773 -6.56636667252 7.4629983902 -8.14999675751 
7.73551416397 -6.53415822983 7.4629983902 -8.14999675751 
7.7596154213 -6.56124401093 7.4629983902 -8.14999675751 
7.74645853043 -6.54494190216 7.4629983902 -8.14999675751 
7.76354885101 -6.55467605591 7.4629983902 -8.14999675751 
7.76085662842 -6.55909109116 7.4629983902 -8.14999675751 
7.75571680069 -6.55591821671 7.4629983902 -8.14999675751 
7.75766086578 -6.54785776138 7.4629983902 -8.14999675751 
7.76281452179 -6.55910396576 7.4629983902 -8.14999675751 
7.75709915161 -6.55495929718 7.4629983902 -8.14999675751 
7.75837039948 -6.54904699326 7.4629983902 -8.14999675751 
7.76325893402 -6.55491924286 7.4629983902 -8.14999675751 
7.74963474274 -6.54325199127 7.4629983902 -8.14999675751 
7.75538396835 -6.53246593475 7.4629983902 -8.14999675751 
7.76026058197 -6.55038070679 7.4629983902 -8.14999675751 
7.7573595047 -6.54623031616 7.4629983902 -8.14999675751 
7.75093364716 -6.54242801666 7.4629983902 -8.14999675751 
7.751496315 -6.54675292969 7.4629983902 -8.14999675751 
7.75175762177 -6.52518701553 7.4629983902 -8.14999675751 
7.7400636673 -6.53331661224 7.4629983902 -8.14999675751 
7.74617624283 -6.5404458046 7.4629983902 -8.14999675751 
7.75160503387 -6.54250717163 7.4629983902 -8.14999675751 
7.74144506454 -6.53262424469 7.4629983902 -8.14999675751 
7.74755477905 -6.54289770126 7.4629983902 -8.14999675751 
7.75425338745 -6.55092000961 7.4629983902 -8.14999675751 
7.74795770645 -6.53637933731 7.4629983902 -8.14999675751 
7.75254440308 -6.54823207855 7.4629983902 -8.14999675751 
7.75866031647 -6.55097484589 7.4629983902 -8.14999675751 
7.75301265717 -6.54915475845 7.4629983902 -8.14999675751 
7.75648212433 -6.54072284698 7.4629983902 -8.14999675751 
7.75405216217 -6.54521799088 7.4629983902 -8.14999675751 
7.74755382538 -6.54183101654 7.4629983902 -8.14999675751 
7.74914693832 -6.54188394547 7.4629983902 -8.14999675751 
7.75663232803 -6.54622030258 7.4629983902 -8.14999675751 
7.74393606186 -6.54026126862 7.4629983902 -8.14999675751 
7.7476234436 -6.53340673447 7.4629983902 -8.14999675751 
7.74393463135 -6.53978443146 7.4629983902 -8.14999675751 
7.75664520264 -6.54529714584 7.4629983902 -8.14999675751 
7.75006008148 -6.5390329361 7.4629983902 -8.14999675751 
7.75521373749 -6.54209518433 7.4629983902 -8.14999675751 
7.74257183075 -6.53466510773 7.4629983902 -8.14999675751 
7.74701929092 -6.52589130402 7.4629983902 -8.14999675751 
7.75349283218 -6.54075098038 7.4629983902 -8.14999675751 
7.74418926239 -6.53433322906 7.4629983902 -8.14999675751 
7.73973226547 -6.53031682968 7.4629983902 -8.14999675751 
7.74219512939 -6.53703022003 7.4629983902 -8.14999675751 
7.73604726791 -6.51471424103 7.4629983902 -8.14999675751 
7.73321390152 -6.51531362534 7.4629983902 -8.14999675751 
7.73221206665 -6.52317714691 7.4629983902 -8.14999675751 
7.74580764771 -6.53493213654 7.4629983902 -8.14999675751 
7.73976278305 -6.53050470352 7.4629983902 -8.14999675751 
7.74242925644 -6.53129339218 7.4629983902 -8.14999675751 
7.76273107529 -6.54918146133 7.4629983902 -8.14999675751 
7.74592065811 -6.53609085083 7.4629983902 -8.14999675751 
7.76697826385 -6.54139995575 7.4629983902 -8.14999675751 
7.73616313934 -6.52337121964 7.4629983902 -8.14999675751 
7.75644922256 -6.53623199463 7.4629983902 -8.14999675751 
7.72932195663 -6.515188694 7.4629983902 -8.14999675751 
7.76194763184 -6.54751825333 7.4629983902 -8.14999675751 
7.78473138809 -6.5727853775 7.4629983902 -8.14999675751 
7.71024179459 -6.51235055923 7.4629983902 -8.14999675751 
7.72192525864 -6.51830530167 7.4629983902 -8.14999675751 
7.74452733994 -6.55032491684 7.4629983902 -8.14999675751 
7.75657892227 -6.5594201088 7.4629983902 -8.14999675751 
7.71198558807 -6.51163959503 7.4629983902 -8.14999675751 
7.70902395248 -6.51449966431 7.4629983902 -8.14999675751 
7.73294830322 -6.582426548 7.4629983902 -8.14999675751 
7.733522892 -6.59621810913 7.4629983902 -8.14999675751 
7.69265127182 -6.56435108185 7.4629983902 -8.14999675751 
7.68728351593 -6.56275081635 7.4629983902 -8.14999675751 
7.71384143829 -6.59062576294 7.4629983902 -8.14999675751 
7.71193552017 -6.58434820175 7.4629983902 -8.14999675751 
7.70492696762 -6.57777309418 7.4629983902 -8.14999675751 
7.70569896698 -6.58013629913 7.4629983902 -8.14999675751 
7.72168874741 -6.58914852142 7.4629983902 -8.14999675751 
7.71037912369 -6.57763957977 7.4629983902 -8.14999675751 
7.72723150253 -6.57956838608 7.4629983902 -8.14999675751 
7.72126531601 -6.58656692505 7.4629983902 -8.14999675751 
7.71849346161 -6.58603286743 7.4629983902 -8.14999675751 
7.72372150421 -6.57929229736 7.4629983902 -8.14999675751 
7.73265600204 -6.58912420273 7.4629983902 -8.14999675751 
7.70810556412 -6.57207345963 7.4629983902 -8.14999675751 
7.73181152344 -6.59021139145 7.4629983902 -8.14999675751 
7.71971750259 -6.57958507538 7.4629983902 -8.14999675751 
7.74180746078 -6.59754323959 7.4629983902 -8.14999675751 
7.69296360016 -6.60599279404 7.4629983902 -8.14999675751 
7.69920635223 -6.62101507187 7.4629983902 -8.14999675751 
7.69008779526 -6.58391571045 7.4629983902 -8.14999675751 
7.65224075317 -6.5812125206 7.4629983902 -8.14999675751 
7.66451501846 -6.58126544952 7.4629983902 -8.14999675751 
7.66221523285 -6.58236789703 7.4629983902 -8.14999675751 
7.66079616547 -6.58199167252 7.4629983902 -8.14999675751 
7.66425085068 -6.58138513565 7.4629983902 -8.14999675751 
7.67493438721 -6.60013818741 7.4629983902 -8.14999675751 
7.68188381195 -6.61318302155 7.4629983902 -8.14999675751 
7.65532207489 -6.60527658463 7.4629983902 -8.14999675751 
7.63632726669 -6.59678125381 7.4629983902 -8.14999675751 
7.63957118988 -6.60075139999 7.4629983902 -8.14999675751 
7.65476465225 -6.6008515358 7.4629983902 -8.14999675751 
7.64228534698 -6.59274435043 7.4629983902 -8.14999675751 
7.65573358536 -6.60153436661 7.4629983902 -8.14999675751 
7.65466451645 -6.60146093369 7.4629983902 -8.14999675751 
7.64500951767 -6.59464788437 7.4629983902 -8.14999675751 
7.65317773819 -6.59986972809 7.4629983902 -8.14999675751 
7.64840841293 -6.59582233429 7.4629983902 -8.14999675751 
7.64307641983 -6.59378290176 7.4629983902 -8.14999675751 
7.65017700195 -6.59802913666 7.4629983902 -8.14999675751 
7.65668582916 -6.6026725769 7.4629983902 -8.14999675751 
7.64733791351 -6.59900283813 7.4629983902 -8.14999675751 
7.64556026459 -6.59122228622 7.4629983902 -8.14999675751 
7.65382909775 -6.60030508041 7.4629983902 -8.14999675751 
7.6540555954 -6.59964370728 7.4629983902 -8.14999675751 
7.65275335312 -6.59672546387 7.4629983902 -8.14999675751 
7.65087604523 -6.59926128387 7.4629983902 -8.14999675751 
7.64339208603 -6.59212493896 7.4629983902 -8.14999675751 
7.63554859161 -6.58234405518 7.4629983902 -8.14999675751 
7.64386606216 -6.59716176987 7.4629983902 -8.14999675751 
7.63766384125 -6.58541345596 7.4629983902 -8.14999675751 
7.63563776016 -6.58624362946 7.4629983902 -8.14999675751 
7.63388586044 -6.58471918106 7.4629983902 -8.14999675751 
7.64023685455 -6.58432388306 7.4629983902 -8.14999675751 
7.63569927216 -6.58291625977 7.4629983902 -8.14999675751 
7.63959264755 -6.59599018097 7.4629983902 -8.14999675751 
7.64739227295 -6.59109258652 7.4629983902 -8.14999675751 
7.63684749603 -6.58964776993 7.4629983902 -8.14999675751 
7.64451313019 -6.59266424179 7.4629983902 -8.14999675751 
7.6466550827 -6.6004576683 7.4629983902 -8.14999675751 
7.6399102211 -6.59380483627 7.4629983902 -8.14999675751 
7.65650415421 -6.59857416153 7.4629983902 -8.14999675751 
7.62970066071 -6.58374261856 7.4629983902 -8.14999675751 
7.64811038971 -6.59687566757 7.4629983902 -8.14999675751 
7.61874485016 -6.57685089111 7.4629983902 -8.14999675751 
7.64281606674 -6.60089874268 7.4629983902 -8.14999675751 
7.66859674454 -6.619992733 7.4629983902 -8.14999675751 
7.57376337051 -6.59615325928 7.4629983902 -8.14999675751 
7.594830513 -6.60835266113 7.4629983902 -8.14999675751 
7.63939189911 -6.63763284683 7.4629983902 -8.14999675751 
7.62244796753 -6.62762212753 7.4629983902 -8.14999675751 
7.61106014252 -6.61566305161 7.4629983902 -8.14999675751 
7.62082672119 -6.60788249969 7.4629983902 -8.14999675751 
7.63491344452 -6.62592983246 7.4629983902 -8.14999675751 
7.62973880768 -6.62003803253 7.4629983902 -8.14999675751 
7.61245250702 -6.61149454117 7.4629983902 -8.14999675751 
7.61665248871 -6.62113952637 7.4629983902 -8.14999675751 
7.61262750626 -6.62098073959 7.4629983902 -8.14999675751 
7.613260746 -6.62084102631 7.4629983902 -8.14999675751 
7.59989547729 -6.63753128052 7.4629983902 -8.14999675751 
7.575756073 -6.62536096573 7.4629983902 -8.14999675751 
7.61592626572 -6.63523101807 7.4629983902 -8.14999675751 
7.62226104736 -6.62951278687 7.4629983902 -8.14999675751 
7.56796789169 -6.64029979706 7.4629983902 -8.14999675751 
7.5892496109 -6.68321323395 7.4629983902 -8.14999675751 
7.5752954483 -6.68112707138 7.4629983902 -8.14999675751 
7.63131475449 -6.66571426392 7.4629983902 -8.14999675751 
7.63235378265 -6.66766452789 7.4629983902 -8.14999675751 
7.6005616188 -6.70329284668 7.4629983902 -8.14999675751 
7.63381671906 -6.71792316437 7.4629983902 -8.14999675751 
7.59739685059 -6.70598077774 7.4629983902 -8.14999675751 
7.66377258301 -6.69678592682 7.4629983902 -8.14999675751 
7.62536525726 -6.70915126801 7.4629983902 -8.14999675751 
7.60663080215 -6.71515655518 7.4629983902 -8.14999675751 
7.64182186127 -6.74208927155 7.4629983902 -8.14999675751 
7.60308170319 -6.74169921875 7.4629983902 -8.14999675751 
7.63702535629 -6.73309707642 7.4629983902 -8.14999675751 
7.5920343399 -6.69914150238 7.4629983902 -8.14999675751 
7.57365655899 -6.70467472076 7.4629983902 -8.14999675751 
7.63384342194 -6.74203252792 7.4629983902 -8.14999675751 
7.58882665634 -6.75615167618 7.4629983902 -8.14999675751 
7.62604379654 -6.75014257431 7.4629983902 -8.14999675751 
7.58937358856 -6.71937084198 7.4629983902 -8.14999675751 
7.54662847519 -6.72136926651 7.4629983902 -8.14999675751 
7.58573913574 -6.7591843605 7.4629983902 -8.14999675751 
7.58454799652 -6.76298761368 7.4629983902 -8.14999675751 
7.62524938583 -6.74998950958 7.4629983902 -8.14999675751 
7.59678649902 -6.70894241333 7.4629983902 -8.14999675751 
7.60074234009 -6.74676275253 7.4629983902 -8.14999675751 
7.63876819611 -6.75052547455 7.4629983902 -8.14999675751 
7.59879541397 -6.79387426376 7.4629983902 -8.14999675751 
7.65821838379 -6.79306411743 7.4629983902 -8.14999675751 
7.62744426727 -6.8025841713 7.4629983902 -8.14999675751 
7.64810323715 -6.80826330185 7.4629983902 -8.14999675751 
7.66435623169 -6.82234096527 7.4629983902 -8.14999675751 
7.64078378677 -6.82636642456 7.4629983902 -8.14999675751 
7.66910409927 -6.82727718353 7.4629983902 -8.14999675751 
7.65730953217 -6.76161813736 7.4629983902 -8.14999675751 
7.66425323486 -6.79342126846 7.4629983902 -8.14999675751 
7.70556020737 -6.7969789505 7.4629983902 -8.14999675751 
7.6874833107 -6.81414937973 7.4629983902 -8.14999675751 
7.70691919327 -6.80886602402 7.4629983902 -8.14999675751 
7.68665456772 -6.74355220795 7.4629983902 -8.14999675751 
7.67282009125 -6.75582265854 7.4629983902 -8.14999675751 
7.72825622559 -6.77599573135 7.4629983902 -8.14999675751 
7.65263223648 -6.78328418732 7.4629983902 -8.14999675751 
7.69785165787 -6.83023071289 7.4629983902 -8.14999675751 
7.69011211395 -6.79753398895 7.4629983902 -8.14999675751 
7.66902780533 -6.80339288712 7.4629983902 -8.14999675751 
7.67957925797 -6.87381839752 7.4629983902 -8.14999675751 
7.66704797745 -6.85007095337 7.4629983902 -8.14999675751 
7.66174697876 -6.8440580368 7.4629983902 -8.14999675751 
7.67086315155 -6.85920619965 7.4629983902 -8.14999675751 
7.66682672501 -6.84755420685 7.4629983902 -8.14999675751 
7.67248535156 -6.85028457642 7.4629983902 -8.14999675751 
7.70041370392 -6.85483407974 7.4629983902 -8.14999675751 
7.64903020859 -6.83604288101 7.4629983902 -8.14999675751 
7.64107036591 -6.79268264771 7.4629983902 -8.14999675751 
7.66084575653 -6.81009054184 7.4629983902 -8.14999675751 
7.6793961525 -6.80680179596 7.4629983902 -8.14999675751 
7.69678974152 -6.82858419418 7.4629983902 -8.14999675751 
7.71405696869 -6.84274673462 7.4629983902 -8.14999675751 
7.65538644791 -6.80840396881 7.4629983902 -8.14999675751 
7.69553899765 -6.83559513092 7.4629983902 -8.14999675751 
7.68370914459 -6.79737186432 7.4629983902 -8.14999675751 
7.74078273773 -6.8759431839 7.4629983902 -8.14999675751 
7.67407608032 -6.86637639999 7.4629983902 -8.14999675751 
7.70022106171 -6.89265823364 7.4629983902 -8.14999675751 
7.68575048447 -6.88741540909 7.4629983902 -8.14999675751 
7.65277004242 -6.91028881073 7.4629983902 -8.14999675751 
7.64930200577 -6.92988204956 7.4629983902 -8.14999675751 
7.63093662262 -6.90021371841 7.4629983902 -8.14999675751 
7.61740493774 -6.85168600082 7.4629983902 -8.14999675751 
7.61897659302 -6.90001058578 7.4629983902 -8.14999675751 
7.62231206894 -6.91549396515 7.4629983902 -8.14999675751 
7.62807321548 -6.91870355606 7.4629983902 -8.14999675751 
7.61005926132 -6.91360759735 7.4629983902 -8.14999675751 
7.6402258873 -6.90076065063 7.4629983902 -8.14999675751 
7.66478824615 -6.86968898773 7.4629983902 -8.14999675751 
7.6285982132 -6.90462255478 7.4629983902 -8.14999675751 
7.65968847275 -6.93520593643 7.4629983902 -8.14999675751 
7.63040161133 -6.92380285263 7.4629983902 -8.14999675751 
7.68034982681 -6.94933843613 7.4629983902 -8.14999675751 
7.6848692894 -6.95021295547 7.4629983902 -8.14999675751 
7.60367822647 -6.93993091583 7.4629983902 -8.14999675751 
7.71853780746 -6.9769449234 7.4629983902 -8.14999675751 
7.58084726334 -6.99399709702 7.4629983902 -8.14999675751 
7.60307073593 -7.02510595322 7.4629983902 -8.14999675751 
7.75840377808 -6.98618841171 7.4629983902 -8.14999675751 
7.68944835663 -6.95793533325 7.4629983902 -8.14999675751 
7.66541051865 -6.94765710831 7.4629983902 -8.14999675751 
7.6410241127 -6.96253347397 7.4629983902 -8.14999675751 
7.69592189789 -6.97569894791 7.4629983902 -8.14999675751 
7.6761841774 -6.98095226288 7.4629983902 -8.14999675751 
7.63210535049 -6.98651885986 7.4629983902 -8.14999675751 
7.68870544434 -7.00613164902 7.4629983902 -8.14999675751 
7.5955619812 -7.02664470673 7.4629983902 -8.14999675751 
7.69140529633 -7.06454229355 7.4629983902 -8.14999675751 
7.64613580704 -7.08789968491 7.4629983902 -8.14999675751 
7.63427734375 -7.09747552872 7.4629983902 -8.14999675751 
7.65068340302 -7.10513162613 7.4629983902 -8.14999675751 
7.63628387451 -7.11341619492 7.4629983902 -8.14999675751 
7.67585086823 -7.09787464142 7.4629983902 -8.14999675751 
7.67976903915 -7.08486700058 7.4629983902 -8.14999675751 
7.62236261368 -7.1091375351 7.4629983902 -8.14999675751 
7.66625118256 -7.14686059952 7.4629983902 -8.14999675751 
7.64130163193 -7.15569591522 7.4629983902 -8.14999675751 
7.66871738434 -7.12152719498 7.4629983902 -8.14999675751 
7.66568756104 -7.17158603668 7.4629983902 -8.14999675751 
7.66984701157 -7.17860269547 7.4629983902 -8.14999675751 
7.68518161774 -7.18088769913 7.4629983902 -8.14999675751 
7.67010784149 -7.20560598373 7.4629983902 -8.14999675751 
7.69681835175 -7.16105890274 7.4629983902 -8.14999675751 
7.7170419693 -7.14047622681 7.4629983902 -8.14999675751 
7.70972537994 -7.16013431549 7.4629983902 -8.14999675751 
7.70768356323 -7.15517425537 7.4629983902 -8.14999675751 
7.70588541031 -7.15744018555 7.4629983902 -8.14999675751 
7.70643472672 -7.15352916718 7.4629983902 -8.14999675751 
7.69273281097 -7.16922521591 7.4629983902 -8.14999675751 
7.68609237671 -7.17733383179 7.4629983902 -8.14999675751 
7.70509958267 -7.19130945206 7.4629983902 -8.14999675751 
7.68703985214 -7.18393564224 7.4629983902 -8.14999675751 
7.69999313354 -7.20600795746 7.4629983902 -8.14999675751 
7.73035812378 -7.16092967987 7.4629983902 -8.14999675751 
7.71493005753 -7.18338394165 7.4629983902 -8.14999675751 
7.69522619247 -7.17900180817 7.4629983902 -8.14999675751 
7.68951892853 -7.17447423935 7.4629983902 -8.14999675751 
7.68753147125 -7.17110586166 7.4629983902 -8.14999675751 
7.6925611496 -7.17023563385 7.4629983902 -8.14999675751 
7.69005870819 -7.1713051796 7.4629983902 -8.14999675751 
7.67825460434 -7.17603206635 7.4629983902 -8.14999675751 
7.67670726776 -7.17572546005 7.4629983902 -8.14999675751 
7.72858953476 -7.18274450302 7.4629983902 -8.14999675751 
7.71042346954 -7.18428325653 7.4629983902 -8.14999675751 
7.7068977356 -7.18586587906 7.4629983902 -8.14999675751 
7.71825790405 -7.18314266205 7.4629983902 -8.14999675751 
7.75591659546 -7.18812274933 7.4629983902 -8.14999675751 
7.74696588516 -7.15625667572 7.4629983902 -8.14999675751 
7.69177627563 -7.15780115128 7.4629983902 -8.14999675751 
7.71748209 -7.15751123428 7.4629983902 -8.14999675751 
7.71359014511 -7.16940450668 7.4629983902 -8.14999675751 
7.71088933945 -7.17243337631 7.4629983902 -8.14999675751 
7.76926279068 -7.1754989624 7.4629983902 -8.14999675751 
7.73540258408 -7.2381811142 7.4629983902 -8.14999675751 
7.75441455841 -7.25173091888 7.4629983902 -8.14999675751 
7.72597646713 -7.234790802 7.4629983902 -8.14999675751 
7.72966146469 -7.24877166748 7.4629983902 -8.14999675751 
7.78337955475 -7.28196191788 7.4629983902 -8.14999675751 
7.67262935638 -7.24635601044 7.4629983902 -8.14999675751 
7.74955511093 -7.32791757584 7.4629983902 -8.14999675751 
7.67993927002 -7.32346439362 7.4629983902 -8.14999675751 
7.64919757843 -7.34282207489 7.4629983902 -8.14999675751 
7.68846511841 -7.37104272842 7.4629983902 -8.14999675751 
7.66913223267 -7.36879444122 7.4629983902 -8.14999675751 
7.6896982193 -7.3469285965 7.4629983902 -8.14999675751 
7.67577886581 -7.38645648956 7.4629983902 -8.14999675751 
7.64342212677 -7.38513708115 7.4629983902 -8.14999675751 
7.68045902252 -7.42700099945 7.4629983902 -8.14999675751 
7.62313222885 -7.41552495956 7.4629983902 -8.14999675751 
7.64133214951 -7.41724252701 7.4629983902 -8.14999675751 
7.67508983612 -7.42785024643 7.4629983902 -8.14999675751 
7.59413146973 -7.4408416748 7.4629983902 -8.14999675751 
7.66527318954 -7.46410226822 7.4629983902 -8.14999675751 
7.60118579865 -7.4507727623 7.4629983902 -8.14999675751 
7.59674596786 -7.44632720947 7.4629983902 -8.14999675751 
7.64863729477 -7.5036034584 7.4629983902 -8.14999675751 
7.56347894669 -7.49029064178 7.4629983902 -8.14999675751 
7.60440921783 -7.49468851089 7.4629983902 -8.14999675751 
7.64368200302 -7.49808979034 7.4629983902 -8.14999675751 
7.5274720192 -7.50127506256 7.4629983902 -8.14999675751 
7.62470722198 -7.55705547333 7.4629983902 -8.14999675751 
