312 157 
312 151 
319 164 
384 175 
416 168 
430 197 
372 150 
426 267 
356 146 
329 156 
334 220 
336 158 
325 174 
322 35 
328 165 
336 197 
93 44 
0 0 
0 0 
0 0 
8 148 
164 167 
287 166 
0 0 
0 0 
0 0 
0 0 
0 0 
0 0 
0 0 
0 0 
0 0 
0 0 
0 0 
0 0 
130 46 
150 65 
257 20 
147 2 
7 0 
169 7 
269 32 
115 249 
206 215 
252 183 
0 0 
0 0 
0 0 
0 0 
0 0 
0 0 
0 0 
0 0 
0 0 
0 0 
0 0 
0 0 
0 0 
258 240 
257 236 
244 246 
252 230 
270 220 
318 251 
330 251 
337 244 
334 261 
300 164 
290 166 
298 213 
326 194 
318 254 
317 323 
340 358 
334 367 
0 0 
0 0 
0 0 
0 0 
0 0 
0 0 
0 0 
0 0 
0 0 
0 0 
168 228 
192 236 
0 0 
0 0 
0 0 
0 0 
0 0 
0 0 
0 0 
162 89 
12 78 
177 41 
185 13 
236 19 
0 0 
0 0 
0 0 
0 0 
0 0 
0 0 
536 117 
0 0 
0 0 
0 0 
0 0 
0 0 
0 0 
0 0 
0 0 
0 0 
0 0 
0 0 
0 0 
0 0 
0 0 
