0.76757860826
0.773971294537
0.755018859927
0.690901691644
0.624501062823
0.526512470911
0.43505412372
0.546005689564
1.27327373849
1.30136791239
1.23293338622
1.17010824744
1.06910844418
1.01877357491
0.9630507478
0.820957538673
5.13494564205
0.972008554522
0.9630507478
0.911845987754
17.6353206188
1.81003771985
3.02135567014
3.02135567014
5.30478769336
5.88459331681
35.5706412375
0.526512470911
1.81003771985
0.592304508396
1.51164854735
1.49353206188
1.51164854735
1.51164854735
1.39201137913
1.19461005156
1.09033493169
0.999660914403
0.911845987754
0.820957538673
0.742751198765
0.643964243093
0.526512470911
0.583513330973
0.554062886608
0.78698912841
2.50239384668
2.05991060773
0.773971294537
35.5706412375
3.21672953309
4.68203350521
6.59820023798
2.73988485064
8.66766030938
