229 172 
229 173 
222 167 
281 202 
364 145 
560 194 
0 0 
0 0 
492 18 
0 0 
628 268 
556 182 
0 0 
0 0 
0 0 
0 0 
0 0 
0 0 
0 0 
244 164 
0 0 
0 0 
0 0 
0 0 
0 0 
0 0 
0 0 
0 0 
248 207 
466 193 
438 164 
418 140 
446 139 
467 192 
561 160 
0 0 
0 0 
0 0 
0 0 
0 0 
0 0 
0 0 
0 0 
0 0 
0 0 
0 0 
0 0 
0 0 
0 0 
573 81 
471 7 
636 22 
598 289 
568 251 
0 0 
0 0 
0 0 
0 0 
321 210 
251 172 
0 0 
258 183 
255 182 
260 151 
0 0 
0 0 
0 0 
0 0 
0 0 
0 0 
0 0 
0 0 
0 0 
0 0 
0 0 
0 0 
0 0 
0 0 
0 0 
235 206 
214 184 
371 160 
425 245 
496 250 
525 249 
525 234 
544 213 
463 269 
406 195 
362 174 
306 149 
315 217 
369 148 
490 221 
