0.690901691644
0.690901691644
0.674745685802
0.592304508396
0.493598257467
0.972008554522
5.88459331681
0.610422366435
0.542033831867
35.5706412375
0.903712793205
0.936918663363
1.09033493169
1.37619818867
1.6494913716
1.53013475702
1.03845676259
14.6461005156
7.85241846307
0.526512470911
0.459971212659
0.366740543448
35.5706412375
25.3218865982
22.1191507735
22.1191507735
22.1191507735
1.2071697999
1.19461005156
1.14639682409
1.03845676259
0.945508376303
0.928446617723
0.755018859927
0.685457176855
0.654006415892
0.643964243093
0.490102229901
0.420294000753
0.352193477046
0.209526153942
0.128050611426
