0 0 
631 256 
621 256 
528 239 
0 0 
0 0 
0 0 
0 0 
0 0 
0 0 
0 0 
0 0 
0 0 
0 0 
0 0 
0 0 
0 0 
0 0 
620 287 
629 257 
621 235 
602 245 
605 235 
621 265 
629 267 
536 262 
0 0 
0 0 
517 223 
528 255 
0 0 
0 0 
633 198 
615 200 
620 191 
609 253 
603 269 
585 271 
0 0 
0 0 
637 227 
637 250 
0 0 
0 0 
0 0 
0 0 
0 0 
0 0 
0 0 
0 0 
0 0 
0 0 
421 269 
469 253 
448 243 
476 244 
476 252 
531 267 
368 242 
559 271 
507 283 
465 258 
556 233 
324 231 
504 249 
479 256 
429 264 
550 271 
338 208 
403 263 
338 249 
373 267 
424 271 
331 247 
417 245 
280 249 
290 253 
148 288 
206 295 
165 271 
126 257 
236 221 
234 280 
252 276 
264 265 
232 245 
434 245 
395 327 
599 217 
563 139 
543 271 
0 0 
0 0 
325 284 
295 268 
310 254 
295 258 
431 258 
198 242 
334 218 
187 260 
260 288 
245 277 
169 255 
313 240 
195 274 
219 292 
240 272 
206 250 
367 243 
295 273 
285 264 
333 258 
306 240 
440 233 
360 277 
467 283 
462 267 
454 265 
0 0 
0 0 
0 0 
0 0 
0 0 
0 0 
0 0 
0 0 
0 0 
0 0 
0 0 
0 0 
602 231 
605 302 
610 255 
609 287 
545 255 
595 252 
469 260 
605 247 
467 243 
436 265 
456 275 
353 272 
465 262 
346 218 
477 231 
436 268 
457 269 
479 261 
362 250 
536 246 
496 267 
600 277 
469 301 
471 263 
538 274 
372 228 
603 226 
458 282 
471 279 
484 260 
442 274 
549 273 
384 228 
430 277 
383 298 
336 280 
391 255 
260 219 
281 266 
290 261 
261 256 
315 227 
0 0 
0 0 
159 290 
171 263 
0 0 
0 0 
0 0 
0 0 
0 0 
0 0 
0 0 
0 0 
0 0 
0 0 
0 0 
0 0 
0 0 
0 0 
0 0 
0 0 
0 0 
0 0 
0 0 
0 0 
0 0 
0 0 
0 0 
0 0 
0 0 
0 0 
0 0 
0 0 
0 0 
0 0 
0 0 
0 0 
0 0 
0 0 
0 0 
0 0 
0 0 
0 0 
0 298 
0 0 
0 0 
0 0 
0 0 
0 0 
0 0 
0 0 
0 0 
0 0 
0 0 
73 239 
45 229 
0 208 
0 281 
0 0 
0 0 
0 0 
0 0 
0 0 
0 0 
0 0 
0 0 
0 0 
0 0 
0 0 
0 0 
0 0 
0 0 
0 246 
8 285 
0 254 
0 229 
0 264 
69 253 
71 260 
7 256 
113 251 
0 244 
59 297 
41 276 
62 258 
110 260 
0 0 
0 0 
0 0 
0 0 
0 0 
0 0 
0 0 
0 0 
0 0 
0 0 
0 0 
0 0 
0 0 
0 0 
0 0 
0 0 
0 0 
0 0 
0 0 
0 0 
0 0 
0 0 
0 0 
0 0 
0 0 
0 0 
0 0 
0 0 
0 0 
0 0 
0 0 
0 0 
0 0 
0 0 
0 0 
0 0 
0 295 
0 0 
0 0 
0 0 
0 0 
0 0 
0 0 
0 0 
0 0 
0 0 
0 0 
61 267 
47 227 
14 224 
27 275 
11 237 
0 0 
0 0 
0 0 
0 0 
0 0 
0 0 
0 0 
0 0 
0 0 
0 0 
0 0 
0 0 
0 256 
0 253 
0 249 
0 218 
0 238 
111 249 
0 295 
0 0 
0 0 
0 0 
0 0 
0 0 
0 0 
0 0 
0 0 
0 0 
0 0 
0 0 
0 0 
0 0 
0 0 
0 0 
0 0 
0 0 
0 0 
0 0 
0 0 
0 0 
0 0 
0 0 
0 0 
0 0 
0 0 
0 0 
0 0 
0 0 
0 0 
0 0 
0 0 
0 0 
0 0 
0 0 
0 0 
0 0 
0 0 
0 0 
0 0 
0 0 
0 0 
0 0 
0 0 
0 0 
0 0 
0 0 
0 0 
0 0 
0 0 
0 0 
0 0 
0 0 
0 0 
0 0 
0 0 
0 0 
0 0 
0 0 
0 0 
0 0 
0 0 
0 0 
0 0 
0 0 
0 0 
0 0 
0 0 
0 0 
0 0 
0 0 
0 0 
0 0 
0 0 
0 0 
0 0 
0 222 
0 266 
9 248 
0 213 
28 287 
56 218 
0 0 
0 0 
82 268 
63 263 
0 0 
0 0 
10 207 
0 243 
0 0 
0 0 
0 0 
0 0 
0 0 
0 0 
0 0 
0 0 
0 0 
0 0 
1 240 
0 301 
0 0 
0 0 
0 0 
0 0 
0 290 
0 289 
76 277 
0 0 
0 0 
0 0 
0 0 
0 0 
0 0 
45 268 
42 304 
121 312 
164 286 
68 249 
124 263 
14 262 
36 291 
22 272 
0 0 
0 0 
0 0 
0 0 
0 0 
0 0 
0 0 
0 0 
0 0 
0 0 
0 0 
0 0 
0 0 
0 0 
0 0 
0 0 
0 292 
0 236 
0 242 
23 257 
20 249 
52 254 
32 266 
145 207 
223 268 
164 259 
253 276 
173 219 
452 242 
289 300 
325 277 
348 265 
269 229 
572 259 
486 305 
447 286 
497 271 
414 269 
581 264 
387 301 
437 278 
420 265 
353 257 
398 263 
315 243 
325 253 
341 266 
323 269 
274 264 
273 190 
357 256 
348 273 
281 232 
428 227 
287 298 
233 293 
272 260 
220 267 
173 249 
200 264 
129 283 
160 267 
0 0 
0 0 
165 221 
134 249 
0 0 
0 0 
164 285 
161 264 
144 233 
144 279 
94 273 
199 262 
88 239 
114 281 
117 284 
57 279 
156 205 
220 265 
273 283 
318 275 
263 250 
411 235 
413 284 
382 277 
456 262 
348 264 
529 280 
529 262 
478 284 
574 261 
462 259 
0 0 
0 0 
627 336 
585 271 
634 265 
486 266 
636 161 
625 268 
505 244 
634 263 
622 297 
609 252 
0 0 
0 0 
0 0 
0 0 
0 0 
0 0 
0 0 
0 0 
0 0 
0 0 
0 0 
0 0 
0 0 
0 0 
0 0 
0 0 
0 0 
0 0 
0 0 
0 0 
0 0 
0 0 
0 0 
0 0 
0 0 
0 0 
0 0 
0 0 
0 0 
0 0 
0 0 
0 0 
0 0 
0 0 
0 0 
0 0 
0 0 
0 0 
0 0 
0 0 
0 0 
0 0 
0 0 
0 0 
0 0 
0 0 
0 0 
0 0 
0 0 
0 0 
0 0 
0 0 
0 0 
0 0 
0 0 
0 0 
0 0 
0 0 
0 0 
0 0 
0 0 
0 0 
0 0 
0 0 
0 0 
0 0 
0 0 
0 0 
0 0 
0 0 
0 0 
0 0 
0 0 
0 0 
0 0 
0 0 
0 0 
0 0 
0 0 
0 0 
0 0 
0 0 
0 0 
0 0 
0 0 
0 0 
0 0 
0 0 
0 0 
0 0 
0 0 
0 0 
0 0 
0 0 
0 0 
0 0 
0 0 
0 0 
636 284 
0 0 
0 0 
632 241 
633 255 
637 248 
627 240 
549 295 
511 283 
623 248 
452 236 
426 271 
412 288 
385 271 
521 261 
249 246 
345 301 
484 285 
366 263 
628 294 
487 306 
367 292 
452 265 
353 252 
424 292 
437 289 
