0.0 0.0 0.0 0.0 
0.0 0.0 0.0 0.0 
8.04563331604 -5.86481285095 7.4629983902 -8.14999675751 
8.03814506531 -5.86301898956 7.4629983902 -8.14999675751 
8.05609321594 -5.82430267334 7.4629983902 -8.14999675751 
8.07695579529 -5.82829332352 7.4629983902 -8.14999675751 
8.08142089844 -5.83414554596 7.4629983902 -8.14999675751 
8.0791759491 -5.83563280106 7.4629983902 -8.14999675751 
8.08086490631 -5.83634185791 7.4629983902 -8.14999675751 
8.07989406586 -5.83593130112 7.4629983902 -8.14999675751 
8.05967521667 -5.82437610626 7.4629983902 -8.14999675751 
8.07656288147 -5.81870937347 7.4629983902 -8.14999675751 
8.02611351013 -5.87315177917 7.4629983902 -8.14999675751 
8.03859901428 -5.87582778931 7.4629983902 -8.14999675751 
8.10000991821 -5.86915254593 7.4629983902 -8.14999675751 
8.07023048401 -5.87639188766 7.4629983902 -8.14999675751 
8.05954170227 -5.87402582169 7.4629983902 -8.14999675751 
8.06908226013 -5.87035083771 7.4629983902 -8.14999675751 
8.07153129578 -5.86941432953 7.4629983902 -8.14999675751 
8.06103038788 -5.87312555313 7.4629983902 -8.14999675751 
8.10556983948 -5.86436462402 7.4629983902 -8.14999675751 
8.07004356384 -5.87124729156 7.4629983902 -8.14999675751 
8.08151435852 -5.86962795258 7.4629983902 -8.14999675751 
8.09989643097 -5.88588571548 7.4629983902 -8.14999675751 
8.09484672546 -5.89823532104 7.4629983902 -8.14999675751 
8.08644676208 -5.91803836823 7.4629983902 -8.14999675751 
8.11229991913 -5.87359952927 7.4629983902 -8.14999675751 
8.13439273834 -5.87937259674 7.4629983902 -8.14999675751 
8.11733818054 -5.89715909958 7.4629983902 -8.14999675751 
8.12168693542 -5.89293384552 7.4629983902 -8.14999675751 
8.15082740784 -5.90454292297 7.4629983902 -8.14999675751 
8.13752555847 -5.92289495468 7.4629983902 -8.14999675751 
8.14303016663 -5.92021846771 7.4629983902 -8.14999675751 
8.12991142273 -5.92508506775 7.4629983902 -8.14999675751 
8.14374923706 -5.91586875916 7.4629983902 -8.14999675751 
8.11748695374 -5.93361759186 7.4629983902 -8.14999675751 
8.19747161865 -5.95837879181 7.4629983902 -8.14999675751 
8.13828468323 -6.00228977203 7.4629983902 -8.14999675751 
8.16773986816 -5.96404314041 7.4629983902 -8.14999675751 
8.1714515686 -5.97530651093 7.4629983902 -8.14999675751 
8.16899967194 -5.98757553101 7.4629983902 -8.14999675751 
8.16895961761 -5.98590898514 7.4629983902 -8.14999675751 
8.21858501434 -6.02979183197 7.4629983902 -8.14999675751 
8.17578697205 -6.03543615341 7.4629983902 -8.14999675751 
8.1993188858 -6.02929115295 7.4629983902 -8.14999675751 
8.18585586548 -6.03499317169 7.4629983902 -8.14999675751 
8.19024848938 -6.03233861923 7.4629983902 -8.14999675751 
8.19112491608 -6.02863454819 7.4629983902 -8.14999675751 
8.19251441956 -6.03673839569 7.4629983902 -8.14999675751 
8.20206546783 -6.03515529633 7.4629983902 -8.14999675751 
8.18255519867 -6.01999759674 7.4629983902 -8.14999675751 
8.23140907288 -6.03356266022 7.4629983902 -8.14999675751 
8.24220657349 -6.02948665619 7.4629983902 -8.14999675751 
8.21751785278 -6.03550338745 7.4629983902 -8.14999675751 
8.20497703552 -6.04059696198 7.4629983902 -8.14999675751 
8.21569919586 -6.03461647034 7.4629983902 -8.14999675751 
8.18678569794 -6.02518177032 7.4629983902 -8.14999675751 
8.26197242737 -6.04402971268 7.4629983902 -8.14999675751 
8.25283718109 -6.02469062805 7.4629983902 -8.14999675751 
8.24101448059 -6.04947328568 7.4629983902 -8.14999675751 
8.23268508911 -6.06174564362 7.4629983902 -8.14999675751 
8.22407722473 -6.08104038239 7.4629983902 -8.14999675751 
8.26884651184 -6.06129550934 7.4629983902 -8.14999675751 
8.21446895599 -6.0355463028 7.4629983902 -8.14999675751 
8.22153663635 -6.02076244354 7.4629983902 -8.14999675751 
8.21147727966 -6.05227565765 7.4629983902 -8.14999675751 
8.22204589844 -6.06719875336 7.4629983902 -8.14999675751 
8.26935386658 -6.06201648712 7.4629983902 -8.14999675751 
8.19314479828 -6.05412769318 7.4629983902 -8.14999675751 
8.24677371979 -6.06929779053 7.4629983902 -8.14999675751 
8.27102851868 -6.07576704025 7.4629983902 -8.14999675751 
8.24951648712 -6.11610555649 7.4629983902 -8.14999675751 
8.24712181091 -6.12835836411 7.4629983902 -8.14999675751 
8.24450397491 -6.14654827118 7.4629983902 -8.14999675751 
8.25447368622 -6.14792633057 7.4629983902 -8.14999675751 
8.22561454773 -6.10684680939 7.4629983902 -8.14999675751 
8.2280330658 -6.14406585693 7.4629983902 -8.14999675751 
8.27892494202 -6.15429782867 7.4629983902 -8.14999675751 
8.20420837402 -6.16412353516 7.4629983902 -8.14999675751 
8.23418903351 -6.20160055161 7.4629983902 -8.14999675751 
8.2003736496 -6.17740488052 7.4629983902 -8.14999675751 
8.23496818542 -6.16655826569 7.4629983902 -8.14999675751 
8.25253486633 -6.17884778976 7.4629983902 -8.14999675751 
8.22254562378 -6.22789001465 7.4629983902 -8.14999675751 
8.18612098694 -6.22699403763 7.4629983902 -8.14999675751 
8.19899463654 -6.22580718994 7.4629983902 -8.14999675751 
8.17249679565 -6.22284984589 7.4629983902 -8.14999675751 
8.341173172 -6.16664028168 7.4629983902 -8.14999675751 
8.35676288605 -6.17869234085 7.4629983902 -8.14999675751 
8.2401342392 -6.21316289902 7.4629983902 -8.14999675751 
8.2665605545 -6.20927476883 7.4629983902 -8.14999675751 
8.28010177612 -6.18054437637 7.4629983902 -8.14999675751 
8.3093585968 -6.17370510101 7.4629983902 -8.14999675751 
8.3137140274 -6.1482591629 7.4629983902 -8.14999675751 
8.31069469452 -6.15735340118 7.4629983902 -8.14999675751 
8.29341697693 -6.15989923477 7.4629983902 -8.14999675751 
8.29830741882 -6.16976737976 7.4629983902 -8.14999675751 
8.34078407288 -6.1688785553 7.4629983902 -8.14999675751 
8.29504966736 -6.13810586929 7.4629983902 -8.14999675751 
8.32953643799 -6.15616703033 7.4629983902 -8.14999675751 
8.35272979736 -6.15135335922 7.4629983902 -8.14999675751 
8.31054496765 -6.16917133331 7.4629983902 -8.14999675751 
8.31083488464 -6.19404029846 7.4629983902 -8.14999675751 
8.30979633331 -6.16969013214 7.4629983902 -8.14999675751 
8.31951713562 -6.17984342575 7.4629983902 -8.14999675751 
8.34020423889 -6.19287014008 7.4629983902 -8.14999675751 
8.28626251221 -6.17325162888 7.4629983902 -8.14999675751 
8.30954837799 -6.23375272751 7.4629983902 -8.14999675751 
8.25962352753 -6.19711828232 7.4629983902 -8.14999675751 
8.31126403809 -6.21839427948 7.4629983902 -8.14999675751 
8.32084369659 -6.22655963898 7.4629983902 -8.14999675751 
8.24493598938 -6.23098707199 7.4629983902 -8.14999675751 
8.26960277557 -6.27033138275 7.4629983902 -8.14999675751 
8.25494194031 -6.27071332932 7.4629983902 -8.14999675751 
8.30764198303 -6.2361536026 7.4629983902 -8.14999675751 
8.30455684662 -6.26912975311 7.4629983902 -8.14999675751 
8.26583480835 -6.27358484268 7.4629983902 -8.14999675751 
8.28240013123 -6.29492664337 7.4629983902 -8.14999675751 
8.27865409851 -6.30659580231 7.4629983902 -8.14999675751 
8.32808876038 -6.27906179428 7.4629983902 -8.14999675751 
8.32158279419 -6.30446815491 7.4629983902 -8.14999675751 
8.3114528656 -6.30699491501 7.4629983902 -8.14999675751 
8.31178092957 -6.30781126022 7.4629983902 -8.14999675751 
8.31384181976 -6.30826807022 7.4629983902 -8.14999675751 
8.31278800964 -6.30798149109 7.4629983902 -8.14999675751 
8.31511592865 -6.29950618744 7.4629983902 -8.14999675751 
8.31119346619 -6.31052541733 7.4629983902 -8.14999675751 
8.30217075348 -6.33205366135 7.4629983902 -8.14999675751 
8.27324485779 -6.31439208984 7.4629983902 -8.14999675751 
8.30076789856 -6.32978582382 7.4629983902 -8.14999675751 
8.34753990173 -6.28795957565 7.4629983902 -8.14999675751 
8.29381370544 -6.31371212006 7.4629983902 -8.14999675751 
8.30531787872 -6.29445981979 7.4629983902 -8.14999675751 
8.31129646301 -6.2956032753 7.4629983902 -8.14999675751 
8.298828125 -6.2939324379 7.4629983902 -8.14999675751 
8.30976867676 -6.29184532166 7.4629983902 -8.14999675751 
8.30606460571 -6.30626010895 7.4629983902 -8.14999675751 
8.25581073761 -6.31754827499 7.4629983902 -8.14999675751 
8.28442573547 -6.32424449921 7.4629983902 -8.14999675751 
8.2517490387 -6.33817815781 7.4629983902 -8.14999675751 
8.28768348694 -6.37516975403 7.4629983902 -8.14999675751 
8.25745105743 -6.37464380264 7.4629983902 -8.14999675751 
8.24451637268 -6.38325786591 7.4629983902 -8.14999675751 
8.3065700531 -6.39612388611 7.4629983902 -8.14999675751 
8.26702213287 -6.40044164658 7.4629983902 -8.14999675751 
8.3060541153 -6.39729166031 7.4629983902 -8.14999675751 
8.30690956116 -6.39909648895 7.4629983902 -8.14999675751 
8.30172252655 -6.41104364395 7.4629983902 -8.14999675751 
8.27687644958 -6.42283248901 7.4629983902 -8.14999675751 
8.28022861481 -6.42455148697 7.4629983902 -8.14999675751 
8.32440376282 -6.40468454361 7.4629983902 -8.14999675751 
8.30489063263 -6.43130397797 7.4629983902 -8.14999675751 
8.29871177673 -6.43512582779 7.4629983902 -8.14999675751 
8.33491325378 -6.46601867676 7.4629983902 -8.14999675751 
8.29189109802 -6.49498081207 7.4629983902 -8.14999675751 
8.34662246704 -6.50862121582 7.4629983902 -8.14999675751 
8.30697822571 -6.50133419037 7.4629983902 -8.14999675751 
8.32778358459 -6.48988962173 7.4629983902 -8.14999675751 
8.35704898834 -6.5266623497 7.4629983902 -8.14999675751 
8.29353427887 -6.5096616745 7.4629983902 -8.14999675751 
8.35062503815 -6.57636642456 7.4629983902 -8.14999675751 
8.29826831818 -6.57435512543 7.4629983902 -8.14999675751 
8.31149959564 -6.55330896378 7.4629983902 -8.14999675751 
8.35651779175 -6.54913949966 7.4629983902 -8.14999675751 
8.28879356384 -6.56781387329 7.4629983902 -8.14999675751 
8.35813617706 -6.58948516846 7.4629983902 -8.14999675751 
8.30285072327 -6.6099357605 7.4629983902 -8.14999675751 
8.32835960388 -6.63361644745 7.4629983902 -8.14999675751 
8.32239341736 -6.5986495018 7.4629983902 -8.14999675751 
8.29951858521 -6.59266805649 7.4629983902 -8.14999675751 
8.31345653534 -6.64291477203 7.4629983902 -8.14999675751 
8.29300117493 -6.65266895294 7.4629983902 -8.14999675751 
8.32251358032 -6.65452051163 7.4629983902 -8.14999675751 
8.37166404724 -6.61588668823 7.4629983902 -8.14999675751 
8.31655216217 -6.63314199448 7.4629983902 -8.14999675751 
8.32319259644 -6.60069942474 7.4629983902 -8.14999675751 
8.3355255127 -6.61724472046 7.4629983902 -8.14999675751 
8.2830657959 -6.66813135147 7.4629983902 -8.14999675751 
8.30090904236 -6.66483831406 7.4629983902 -8.14999675751 
8.29057502747 -6.66889667511 7.4629983902 -8.14999675751 
8.29836177826 -6.66382694244 7.4629983902 -8.14999675751 
8.29836559296 -6.66410160065 7.4629983902 -8.14999675751 
8.30150985718 -6.65772914886 7.4629983902 -8.14999675751 
8.29778671265 -6.66064929962 7.4629983902 -8.14999675751 
8.28762626648 -6.6438126564 7.4629983902 -8.14999675751 
8.27828407288 -6.63406848907 7.4629983902 -8.14999675751 
8.28851795197 -6.6325712204 7.4629983902 -8.14999675751 
8.28754711151 -6.61070728302 7.4629983902 -8.14999675751 
8.27747535706 -6.57989358902 7.4629983902 -8.14999675751 
8.29442596436 -6.60045862198 7.4629983902 -8.14999675751 
8.27876472473 -6.60319805145 7.4629983902 -8.14999675751 
8.28788375854 -6.61447906494 7.4629983902 -8.14999675751 
8.28828525543 -6.60824871063 7.4629983902 -8.14999675751 
8.28804588318 -6.60929250717 7.4629983902 -8.14999675751 
8.29379177094 -6.61779308319 7.4629983902 -8.14999675751 
8.28925514221 -6.61541366577 7.4629983902 -8.14999675751 
8.2962770462 -6.6177649498 7.4629983902 -8.14999675751 
8.29538917542 -6.62171268463 7.4629983902 -8.14999675751 
8.29026985168 -6.60435628891 7.4629983902 -8.14999675751 
8.29318809509 -6.60449504852 7.4629983902 -8.14999675751 
8.29137229919 -6.61187601089 7.4629983902 -8.14999675751 
8.2940568924 -6.61436843872 7.4629983902 -8.14999675751 
8.28770256042 -6.59717178345 7.4629983902 -8.14999675751 
8.29141330719 -6.61239385605 7.4629983902 -8.14999675751 
8.28948020935 -6.57656764984 7.4629983902 -8.14999675751 
8.29853057861 -6.58336400986 7.4629983902 -8.14999675751 
8.28861999512 -6.59069061279 7.4629983902 -8.14999675751 
8.29758453369 -6.60621356964 7.4629983902 -8.14999675751 
8.29337596893 -6.5913848877 7.4629983902 -8.14999675751 
8.30319404602 -6.6052274704 7.4629983902 -8.14999675751 
8.29677772522 -6.60190439224 7.4629983902 -8.14999675751 
8.29433059692 -6.60118770599 7.4629983902 -8.14999675751 
8.30493927002 -6.60103225708 7.4629983902 -8.14999675751 
8.29991149902 -6.60338306427 7.4629983902 -8.14999675751 
8.29222393036 -6.59606933594 7.4629983902 -8.14999675751 
8.30172348022 -6.58561706543 7.4629983902 -8.14999675751 
8.30435180664 -6.60814809799 7.4629983902 -8.14999675751 
8.27662086487 -6.56190347672 7.4629983902 -8.14999675751 
8.28266906738 -6.57754278183 7.4629983902 -8.14999675751 
8.28124809265 -6.57305812836 7.4629983902 -8.14999675751 
8.28295516968 -6.57519435883 7.4629983902 -8.14999675751 
8.28900814056 -6.59062337875 7.4629983902 -8.14999675751 
8.30513954163 -6.62701034546 7.4629983902 -8.14999675751 
8.28248023987 -6.58672094345 7.4629983902 -8.14999675751 
8.2693157196 -6.59701156616 7.4629983902 -8.14999675751 
8.27993202209 -6.56856298447 7.4629983902 -8.14999675751 
8.26211547852 -6.5764875412 7.4629983902 -8.14999675751 
8.29552268982 -6.57619714737 7.4629983902 -8.14999675751 
8.2781085968 -6.5815820694 7.4629983902 -8.14999675751 
8.29370880127 -6.5818529129 7.4629983902 -8.14999675751 
8.29055404663 -6.58814239502 7.4629983902 -8.14999675751 
8.25624084473 -6.54675960541 7.4629983902 -8.14999675751 
8.26389694214 -6.54277133942 7.4629983902 -8.14999675751 
8.2598400116 -6.55209589005 7.4629983902 -8.14999675751 
8.26194572449 -6.54859542847 7.4629983902 -8.14999675751 
8.29505252838 -6.58055496216 7.4629983902 -8.14999675751 
8.27015113831 -6.57159423828 7.4629983902 -8.14999675751 
8.23219966888 -6.51808023453 7.4629983902 -8.14999675751 
8.22798347473 -6.53632831573 7.4629983902 -8.14999675751 
8.26297187805 -6.61231327057 7.4629983902 -8.14999675751 
8.23434829712 -6.59841060638 7.4629983902 -8.14999675751 
8.18371009827 -6.55696630478 7.4629983902 -8.14999675751 
8.19495391846 -6.59003067017 7.4629983902 -8.14999675751 
8.18995857239 -6.57758712769 7.4629983902 -8.14999675751 
8.1847820282 -6.58480739594 7.4629983902 -8.14999675751 
8.20202064514 -6.60205698013 7.4629983902 -8.14999675751 
8.18504714966 -6.57180166245 7.4629983902 -8.14999675751 
8.1938495636 -6.58314609528 7.4629983902 -8.14999675751 
8.17219352722 -6.55706501007 7.4629983902 -8.14999675751 
8.18653488159 -6.61612796783 7.4629983902 -8.14999675751 
8.22221183777 -6.62692260742 7.4629983902 -8.14999675751 
8.14839935303 -6.61714410782 7.4629983902 -8.14999675751 
8.17371082306 -6.6439447403 7.4629983902 -8.14999675751 
8.18383026123 -6.58245182037 7.4629983902 -8.14999675751 
8.16194534302 -6.57069015503 7.4629983902 -8.14999675751 
8.19500255585 -6.661257267 7.4629983902 -8.14999675751 
8.10628032684 -6.61034297943 7.4629983902 -8.14999675751 
8.13086128235 -6.67338562012 7.4629983902 -8.14999675751 
8.17456054688 -6.69170284271 7.4629983902 -8.14999675751 
8.0917263031 -6.65723133087 7.4629983902 -8.14999675751 
8.113904953 -6.67477035522 7.4629983902 -8.14999675751 
8.1168346405 -6.67500543594 7.4629983902 -8.14999675751 
8.11143302917 -6.6676940918 7.4629983902 -8.14999675751 
8.11026573181 -6.66496133804 7.4629983902 -8.14999675751 
8.09836578369 -6.66374969482 7.4629983902 -8.14999675751 
8.09293937683 -6.69767904282 7.4629983902 -8.14999675751 
8.0926990509 -6.74281597137 7.4629983902 -8.14999675751 
8.10121917725 -6.7773065567 7.4629983902 -8.14999675751 
8.08682060242 -6.77165603638 7.4629983902 -8.14999675751 
8.0487575531 -6.65592956543 7.4629983902 -8.14999675751 
8.04636573792 -6.63553476334 7.4629983902 -8.14999675751 
8.0500421524 -6.69069576263 7.4629983902 -8.14999675751 
8.06108760834 -6.69813251495 7.4629983902 -8.14999675751 
8.05849838257 -6.68994426727 7.4629983902 -8.14999675751 
8.05108451843 -6.67347955704 7.4629983902 -8.14999675751 
8.06537914276 -6.68682003021 7.4629983902 -8.14999675751 
8.05743980408 -6.69057703018 7.4629983902 -8.14999675751 
8.05788516998 -6.69145727158 7.4629983902 -8.14999675751 
8.06410121918 -6.68081521988 7.4629983902 -8.14999675751 
8.06176376343 -6.69419240952 7.4629983902 -8.14999675751 
8.05799388885 -6.68991756439 7.4629983902 -8.14999675751 
8.0551815033 -6.675385952 7.4629983902 -8.14999675751 
8.05403709412 -6.68040466309 7.4629983902 -8.14999675751 
8.05367565155 -6.6628370285 7.4629983902 -8.14999675751 
8.0433807373 -6.66871881485 7.4629983902 -8.14999675751 
8.04529380798 -6.67788982391 7.4629983902 -8.14999675751 
8.05797100067 -6.67912960052 7.4629983902 -8.14999675751 
8.04724884033 -6.67580699921 7.4629983902 -8.14999675751 
8.05549144745 -6.6827788353 7.4629983902 -8.14999675751 
8.06513214111 -6.70678472519 7.4629983902 -8.14999675751 
8.05247402191 -6.68557453156 7.4629983902 -8.14999675751 
8.06871128082 -6.69224452972 7.4629983902 -8.14999675751 
8.06484222412 -6.69942378998 7.4629983902 -8.14999675751 
8.06023025513 -6.69510650635 7.4629983902 -8.14999675751 
8.06211662292 -6.68596506119 7.4629983902 -8.14999675751 
8.06943798065 -6.70051813126 7.4629983902 -8.14999675751 
8.04317188263 -6.66204547882 7.4629983902 -8.14999675751 
8.0453004837 -6.66757822037 7.4629983902 -8.14999675751 
8.04811191559 -6.66912317276 7.4629983902 -8.14999675751 
8.04938030243 -6.67066287994 7.4629983902 -8.14999675751 
8.05685997009 -6.68433475494 7.4629983902 -8.14999675751 
8.07185935974 -6.71129846573 7.4629983902 -8.14999675751 
8.05552101135 -6.69195079803 7.4629983902 -8.14999675751 
8.03968524933 -6.69187164307 7.4629983902 -8.14999675751 
8.05992412567 -6.70450878143 7.4629983902 -8.14999675751 
8.04909324646 -6.68626785278 7.4629983902 -8.14999675751 
8.05315876007 -6.68530273438 7.4629983902 -8.14999675751 
8.04488277435 -6.68438720703 7.4629983902 -8.14999675751 
8.05306053162 -6.68180704117 7.4629983902 -8.14999675751 
8.05740356445 -6.69168758392 7.4629983902 -8.14999675751 
8.01082801819 -6.6534280777 7.4629983902 -8.14999675751 
7.99203252792 -6.66038608551 7.4629983902 -8.14999675751 
7.99608516693 -6.65114879608 7.4629983902 -8.14999675751 
7.99461269379 -6.65239715576 7.4629983902 -8.14999675751 
7.99381637573 -6.65249872208 7.4629983902 -8.14999675751 
7.99422216415 -6.651679039 7.4629983902 -8.14999675751 
8.01159000397 -6.66875934601 7.4629983902 -8.14999675751 
8.00339698792 -6.68235397339 7.4629983902 -8.14999675751 
8.00216770172 -6.67928028107 7.4629983902 -8.14999675751 
8.044713974 -6.68041133881 7.4629983902 -8.14999675751 
8.01312828064 -6.68094158173 7.4629983902 -8.14999675751 
8.03206825256 -6.68167877197 7.4629983902 -8.14999675751 
8.01560020447 -6.67673397064 7.4629983902 -8.14999675751 
8.02058029175 -6.6708779335 7.4629983902 -8.14999675751 
8.01140785217 -6.66012430191 7.4629983902 -8.14999675751 
8.03242588043 -6.68592357635 7.4629983902 -8.14999675751 
8.00605583191 -6.6570763588 7.4629983902 -8.14999675751 
7.99475383759 -6.65930652618 7.4629983902 -8.14999675751 
8.03546047211 -6.7032623291 7.4629983902 -8.14999675751 
8.01509380341 -6.68629360199 7.4629983902 -8.14999675751 
8.00921154022 -6.68704605103 7.4629983902 -8.14999675751 
8.01296520233 -6.71299123764 7.4629983902 -8.14999675751 
8.0123500824 -6.7018699646 7.4629983902 -8.14999675751 
8.01280403137 -6.70025491714 7.4629983902 -8.14999675751 
8.01197814941 -6.66945362091 7.4629983902 -8.14999675751 
8.00071716309 -6.66561794281 7.4629983902 -8.14999675751 
8.00010490417 -6.70176935196 7.4629983902 -8.14999675751 
7.98232793808 -6.68309164047 7.4629983902 -8.14999675751 
7.96339035034 -6.62984371185 7.4629983902 -8.14999675751 
7.94985675812 -6.66509866714 7.4629983902 -8.14999675751 
7.95382785797 -6.67610931396 7.4629983902 -8.14999675751 
7.95269680023 -6.67172765732 7.4629983902 -8.14999675751 
7.95845556259 -6.68311595917 7.4629983902 -8.14999675751 
7.95213699341 -6.68896341324 7.4629983902 -8.14999675751 
7.94765710831 -6.67465353012 7.4629983902 -8.14999675751 
7.95952606201 -6.67307806015 7.4629983902 -8.14999675751 
7.95416164398 -6.67532491684 7.4629983902 -8.14999675751 
7.95906066895 -6.67828273773 7.4629983902 -8.14999675751 
7.95292425156 -6.66609954834 7.4629983902 -8.14999675751 
7.95450305939 -6.67664957047 7.4629983902 -8.14999675751 
7.96003723145 -6.65943145752 7.4629983902 -8.14999675751 
7.94771957397 -6.66109752655 7.4629983902 -8.14999675751 
7.94766235352 -6.67212963104 7.4629983902 -8.14999675751 
7.95645284653 -6.6758980751 7.4629983902 -8.14999675751 
7.95721340179 -6.66422557831 7.4629983902 -8.14999675751 
7.95147848129 -6.66883230209 7.4629983902 -8.14999675751 
7.95621204376 -6.68259716034 7.4629983902 -8.14999675751 
7.95260000229 -6.66339254379 7.4629983902 -8.14999675751 
7.96658420563 -6.67751598358 7.4629983902 -8.14999675751 
7.96084451675 -6.67815113068 7.4629983902 -8.14999675751 
7.96961688995 -6.68710565567 7.4629983902 -8.14999675751 
7.95832538605 -6.67067813873 7.4629983902 -8.14999675751 
7.96202993393 -6.68155765533 7.4629983902 -8.14999675751 
7.96051645279 -6.68065738678 7.4629983902 -8.14999675751 
7.96128702164 -6.67298364639 7.4629983902 -8.14999675751 
7.96279382706 -6.68434906006 7.4629983902 -8.14999675751 
7.96538925171 -6.6600227356 7.4629983902 -8.14999675751 
7.95428323746 -6.66428232193 7.4629983902 -8.14999675751 
7.9528632164 -6.66302585602 7.4629983902 -8.14999675751 
7.96496582031 -6.68157672882 7.4629983902 -8.14999675751 
7.95372247696 -6.668009758 7.4629983902 -8.14999675751 
7.95806646347 -6.67500400543 7.4629983902 -8.14999675751 
7.96306228638 -6.68452596664 7.4629983902 -8.14999675751 
7.95433568954 -6.67736721039 7.4629983902 -8.14999675751 
7.96630191803 -6.68876409531 7.4629983902 -8.14999675751 
7.96846532822 -6.68956375122 7.4629983902 -8.14999675751 
7.96209955215 -6.68459415436 7.4629983902 -8.14999675751 
7.96411991119 -6.67910861969 7.4629983902 -8.14999675751 
7.96967697144 -6.68866109848 7.4629983902 -8.14999675751 
7.96095180511 -6.68275356293 7.4629983902 -8.14999675751 
7.96481561661 -6.67436313629 7.4629983902 -8.14999675751 
7.95991611481 -6.67952823639 7.4629983902 -8.14999675751 
7.9603805542 -6.66939401627 7.4629983902 -8.14999675751 
7.95512390137 -6.66687488556 7.4629983902 -8.14999675751 
7.95190143585 -6.67223358154 7.4629983902 -8.14999675751 
7.95836496353 -6.66894245148 7.4629983902 -8.14999675751 
7.95315408707 -6.66604614258 7.4629983902 -8.14999675751 
7.9545135498 -6.67916488647 7.4629983902 -8.14999675751 
7.95954370499 -6.67370986938 7.4629983902 -8.14999675751 
7.95530939102 -6.67086029053 7.4629983902 -8.14999675751 
7.95934295654 -6.68022060394 7.4629983902 -8.14999675751 
7.96660375595 -6.68608951569 7.4629983902 -8.14999675751 
7.95582342148 -6.67900562286 7.4629983902 -8.14999675751 
7.95912075043 -6.67039775848 7.4629983902 -8.14999675751 
7.96282100677 -6.67842245102 7.4629983902 -8.14999675751 
7.95529651642 -6.67201519012 7.4629983902 -8.14999675751 
7.96087932587 -6.67398691177 7.4629983902 -8.14999675751 
7.95509433746 -6.67210245132 7.4629983902 -8.14999675751 
7.95300197601 -6.66300821304 7.4629983902 -8.14999675751 
7.95892810822 -6.65711450577 7.4629983902 -8.14999675751 
7.95718288422 -6.66579341888 7.4629983902 -8.14999675751 
7.95604848862 -6.66498422623 7.4629983902 -8.14999675751 
7.9482088089 -6.65732097626 7.4629983902 -8.14999675751 
7.94813394547 -6.66298913956 7.4629983902 -8.14999675751 
7.9490480423 -6.64795780182 7.4629983902 -8.14999675751 
7.95057916641 -6.65179443359 7.4629983902 -8.14999675751 
7.95080947876 -6.6658616066 7.4629983902 -8.14999675751 
7.96150588989 -6.66632843018 7.4629983902 -8.14999675751 
7.94824314117 -6.64769983292 7.4629983902 -8.14999675751 
7.96486139297 -6.64076471329 7.4629983902 -8.14999675751 
7.97122430801 -6.69460296631 7.4629983902 -8.14999675751 
7.94300985336 -6.6374578476 7.4629983902 -8.14999675751 
7.91270971298 -6.624958992 7.4629983902 -8.14999675751 
7.92332983017 -6.63659954071 7.4629983902 -8.14999675751 
7.92254924774 -6.63258123398 7.4629983902 -8.14999675751 
7.89363861084 -6.62742137909 7.4629983902 -8.14999675751 
7.91433334351 -6.59808063507 7.4629983902 -8.14999675751 
7.92502593994 -6.64062261581 7.4629983902 -8.14999675751 
7.91901636124 -6.62655115128 7.4629983902 -8.14999675751 
7.8600525856 -6.57657909393 7.4629983902 -8.14999675751 
7.89276885986 -6.66940593719 7.4629983902 -8.14999675751 
7.87618780136 -6.65297842026 7.4629983902 -8.14999675751 
7.85394001007 -6.62094640732 7.4629983902 -8.14999675751 
7.87296009064 -6.64692783356 7.4629983902 -8.14999675751 
7.8740401268 -6.64618587494 7.4629983902 -8.14999675751 
7.87742853165 -6.67804050446 7.4629983902 -8.14999675751 
7.83879947662 -6.64544391632 7.4629983902 -8.14999675751 
7.82040119171 -6.64951181412 7.4629983902 -8.14999675751 
7.84598636627 -6.6734161377 7.4629983902 -8.14999675751 
7.84305477142 -6.66931295395 7.4629983902 -8.14999675751 
7.84457492828 -6.65432596207 7.4629983902 -8.14999675751 
7.82427597046 -6.64495611191 7.4629983902 -8.14999675751 
7.84159469604 -6.65306329727 7.4629983902 -8.14999675751 
7.84763336182 -6.65283060074 7.4629983902 -8.14999675751 
7.83871173859 -6.64398479462 7.4629983902 -8.14999675751 
7.84438085556 -6.64648723602 7.4629983902 -8.14999675751 
7.82911205292 -6.62935256958 7.4629983902 -8.14999675751 
7.85050964355 -6.6678571701 7.4629983902 -8.14999675751 
7.84233856201 -6.65117549896 7.4629983902 -8.14999675751 
7.83142089844 -6.64145565033 7.4629983902 -8.14999675751 
7.82860851288 -6.63995456696 7.4629983902 -8.14999675751 
7.82941818237 -6.64054346085 7.4629983902 -8.14999675751 
7.82929086685 -6.6401720047 7.4629983902 -8.14999675751 
7.82219552994 -6.59963750839 7.4629983902 -8.14999675751 
7.8145647049 -6.58585119247 7.4629983902 -8.14999675751 
7.85296010971 -6.67767429352 7.4629983902 -8.14999675751 
7.77197027206 -6.63613986969 7.4629983902 -8.14999675751 
7.79152202606 -6.68794870377 7.4629983902 -8.14999675751 
7.77480792999 -6.66241312027 7.4629983902 -8.14999675751 
7.78924322128 -6.69018793106 7.4629983902 -8.14999675751 
7.79266643524 -6.68970394135 7.4629983902 -8.14999675751 
7.7231926918 -6.67245197296 7.4629983902 -8.14999675751 
7.74690771103 -6.73186397552 7.4629983902 -8.14999675751 
7.74829626083 -6.68246841431 7.4629983902 -8.14999675751 
7.73071193695 -6.67978191376 7.4629983902 -8.14999675751 
7.72234201431 -6.68972921371 7.4629983902 -8.14999675751 
7.72529125214 -6.68765354156 7.4629983902 -8.14999675751 
7.72561502457 -6.68753671646 7.4629983902 -8.14999675751 
7.73345565796 -6.68746185303 7.4629983902 -8.14999675751 
7.74567937851 -6.69415283203 7.4629983902 -8.14999675751 
7.73779439926 -6.70000457764 7.4629983902 -8.14999675751 
7.73295354843 -6.71559524536 7.4629983902 -8.14999675751 
7.72978687286 -6.71541309357 7.4629983902 -8.14999675751 
7.72775936127 -6.71178436279 7.4629983902 -8.14999675751 
7.73049783707 -6.7160615921 7.4629983902 -8.14999675751 
7.72281360626 -6.71561574936 7.4629983902 -8.14999675751 
7.73157739639 -6.7173576355 7.4629983902 -8.14999675751 
7.73549747467 -6.72414779663 7.4629983902 -8.14999675751 
7.72935247421 -6.7209649086 7.4629983902 -8.14999675751 
7.73232364655 -6.71018362045 7.4629983902 -8.14999675751 
7.73774194717 -6.72442245483 7.4629983902 -8.14999675751 
7.7107629776 -6.70498180389 7.4629983902 -8.14999675751 
7.73955440521 -6.72339391708 7.4629983902 -8.14999675751 
7.70743942261 -6.70320892334 7.4629983902 -8.14999675751 
7.73679637909 -6.73206615448 7.4629983902 -8.14999675751 
7.71198272705 -6.73171472549 7.4629983902 -8.14999675751 
7.72458648682 -6.70974969864 7.4629983902 -8.14999675751 
7.68736553192 -6.74027729034 7.4629983902 -8.14999675751 
7.71389532089 -6.75925970078 7.4629983902 -8.14999675751 
7.73234844208 -6.76735067368 7.4629983902 -8.14999675751 
7.66023254395 -6.75466060638 7.4629983902 -8.14999675751 
7.69818973541 -6.69736242294 7.4629983902 -8.14999675751 
7.71636819839 -6.70438289642 7.4629983902 -8.14999675751 
7.70182037354 -6.74240255356 7.4629983902 -8.14999675751 
7.66742181778 -6.74211788177 7.4629983902 -8.14999675751 
7.64339923859 -6.72419977188 7.4629983902 -8.14999675751 
7.66009426117 -6.68869781494 7.4629983902 -8.14999675751 
7.67524051666 -6.68422031403 7.4629983902 -8.14999675751 
7.67120885849 -6.72776889801 7.4629983902 -8.14999675751 
7.69338703156 -6.73180532455 7.4629983902 -8.14999675751 
7.63824319839 -6.72925662994 7.4629983902 -8.14999675751 
7.67915248871 -6.72381877899 7.4629983902 -8.14999675751 
7.71664714813 -6.72435617447 7.4629983902 -8.14999675751 
7.65479373932 -6.75962686539 7.4629983902 -8.14999675751 
7.72453451157 -6.77478885651 7.4629983902 -8.14999675751 
7.65913677216 -6.804022789 7.4629983902 -8.14999675751 
7.68832683563 -6.8175573349 7.4629983902 -8.14999675751 
7.71380090714 -6.82062530518 7.4629983902 -8.14999675751 
7.71823787689 -6.84493255615 7.4629983902 -8.14999675751 
7.76329708099 -6.85566329956 7.4629983902 -8.14999675751 
7.61565876007 -6.87374973297 7.4629983902 -8.14999675751 
7.70881175995 -6.90431213379 7.4629983902 -8.14999675751 
7.67047119141 -6.93278360367 7.4629983902 -8.14999675751 
7.64845657349 -6.93809270859 7.4629983902 -8.14999675751 
7.67902135849 -6.955119133 7.4629983902 -8.14999675751 
7.63729763031 -6.9615187645 7.4629983902 -8.14999675751 
7.66861486435 -6.92968463898 7.4629983902 -8.14999675751 
7.71592950821 -6.9332909584 7.4629983902 -8.14999675751 
7.63489627838 -6.97121572495 7.4629983902 -8.14999675751 
7.70960855484 -7.00736236572 7.4629983902 -8.14999675751 
7.56339931488 -7.01147460938 7.4629983902 -8.14999675751 
7.64263772964 -7.04902553558 7.4629983902 -8.14999675751 
7.64872121811 -7.08340549469 7.4629983902 -8.14999675751 
7.58545017242 -7.07668685913 7.4629983902 -8.14999675751 
7.64781713486 -7.11964941025 7.4629983902 -8.14999675751 
7.59626626968 -7.09330606461 7.4629983902 -8.14999675751 
7.62197637558 -7.05744314194 7.4629983902 -8.14999675751 
7.6163225174 -7.07799530029 7.4629983902 -8.14999675751 
7.61825275421 -7.07304382324 7.4629983902 -8.14999675751 
7.58905506134 -7.09993839264 7.4629983902 -8.14999675751 
7.64536380768 -7.14482784271 7.4629983902 -8.14999675751 
7.62449550629 -7.1236333847 7.4629983902 -8.14999675751 
7.63227844238 -7.12958049774 7.4629983902 -8.14999675751 
7.612408638 -7.12282943726 7.4629983902 -8.14999675751 
7.59859371185 -7.15266799927 7.4629983902 -8.14999675751 
7.57209014893 -7.15005397797 7.4629983902 -8.14999675751 
7.59006786346 -7.16702890396 7.4629983902 -8.14999675751 
7.58219623566 -7.12284564972 7.4629983902 -8.14999675751 
7.5842924118 -7.16644906998 7.4629983902 -8.14999675751 
7.57344961166 -7.17038249969 7.4629983902 -8.14999675751 
7.5468711853 -7.18315124512 7.4629983902 -8.14999675751 
7.57751226425 -7.18401479721 7.4629983902 -8.14999675751 
7.55371761322 -7.20017766953 7.4629983902 -8.14999675751 
7.54640960693 -7.24180316925 7.4629983902 -8.14999675751 
7.55322647095 -7.25237894058 7.4629983902 -8.14999675751 
7.5351433754 -7.24310445786 7.4629983902 -8.14999675751 
7.57894659042 -7.23626565933 7.4629983902 -8.14999675751 
7.5936126709 -7.24492406845 7.4629983902 -8.14999675751 
7.53349018097 -7.28178501129 7.4629983902 -8.14999675751 
7.6020154953 -7.29662704468 7.4629983902 -8.14999675751 
7.54495096207 -7.31548976898 7.4629983902 -8.14999675751 
7.5767455101 -7.3228559494 7.4629983902 -8.14999675751 
7.56271266937 -7.33024072647 7.4629983902 -8.14999675751 
7.54457092285 -7.36214828491 7.4629983902 -8.14999675751 
7.57893133163 -7.35155010223 7.4629983902 -8.14999675751 
7.52483606339 -7.37123727798 7.4629983902 -8.14999675751 
7.47873926163 -7.39100933075 7.4629983902 -8.14999675751 
7.56370401382 -7.40146398544 7.4629983902 -8.14999675751 
7.57802677155 -7.36541223526 7.4629983902 -8.14999675751 
7.52573156357 -7.38564062119 7.4629983902 -8.14999675751 
7.58402109146 -7.39215183258 7.4629983902 -8.14999675751 
7.59838247299 -7.34479665756 7.4629983902 -8.14999675751 
7.53815174103 -7.38568210602 7.4629983902 -8.14999675751 
7.58993148804 -7.39968395233 7.4629983902 -8.14999675751 
7.56955623627 -7.39872360229 7.4629983902 -8.14999675751 
7.58733654022 -7.37555980682 7.4629983902 -8.14999675751 
7.6269235611 -7.38763141632 7.4629983902 -8.14999675751 
7.61629199982 -7.41135120392 7.4629983902 -8.14999675751 
7.64666461945 -7.37234210968 7.4629983902 -8.14999675751 
7.64057826996 -7.39554977417 7.4629983902 -8.14999675751 
7.64400577545 -7.39333200455 7.4629983902 -8.14999675751 
7.64214706421 -7.3936715126 7.4629983902 -8.14999675751 
7.64219903946 -7.39397668839 7.4629983902 -8.14999675751 
7.64453363419 -7.38637638092 7.4629983902 -8.14999675751 
7.64026355743 -7.37764835358 7.4629983902 -8.14999675751 
7.64616394043 -7.385597229 7.4629983902 -8.14999675751 
7.59867572784 -7.42515087128 7.4629983902 -8.14999675751 
7.57393550873 -7.43538427353 7.4629983902 -8.14999675751 
7.62379074097 -7.42365407944 7.4629983902 -8.14999675751 
7.63580799103 -7.35024261475 7.4629983902 -8.14999675751 
7.6315407753 -7.35983181 7.4629983902 -8.14999675751 
7.61244106293 -7.40400028229 7.4629983902 -8.14999675751 
7.61560440063 -7.3949098587 7.4629983902 -8.14999675751 
7.60973644257 -7.40107250214 7.4629983902 -8.14999675751 
7.60962581635 -7.40020513535 7.4629983902 -8.14999675751 
7.62332677841 -7.39101028442 7.4629983902 -8.14999675751 
7.61854171753 -7.39605569839 7.4629983902 -8.14999675751 
7.62067651749 -7.37981796265 7.4629983902 -8.14999675751 
7.62400913239 -7.38304901123 7.4629983902 -8.14999675751 
7.60512304306 -7.39814901352 7.4629983902 -8.14999675751 
7.6062951088 -7.3966588974 7.4629983902 -8.14999675751 
7.60919284821 -7.39386844635 7.4629983902 -8.14999675751 
7.61440420151 -7.37822198868 7.4629983902 -8.14999675751 
7.62500762939 -7.38620281219 7.4629983902 -8.14999675751 
7.60865879059 -7.38918304443 7.4629983902 -8.14999675751 
7.63104391098 -7.37130641937 7.4629983902 -8.14999675751 
7.63038730621 -7.37187671661 7.4629983902 -8.14999675751 
7.60708856583 -7.39495182037 7.4629983902 -8.14999675751 
7.62775659561 -7.37080144882 7.4629983902 -8.14999675751 
7.60212850571 -7.38370418549 7.4629983902 -8.14999675751 
7.60777282715 -7.37886142731 7.4629983902 -8.14999675751 
7.62217187881 -7.36518096924 7.4629983902 -8.14999675751 
7.62615871429 -7.36437368393 7.4629983902 -8.14999675751 
7.62823200226 -7.36395025253 7.4629983902 -8.14999675751 
7.61844778061 -7.37707042694 7.4629983902 -8.14999675751 
7.62173843384 -7.37453317642 7.4629983902 -8.14999675751 
7.61173725128 -7.36621570587 7.4629983902 -8.14999675751 
7.61602687836 -7.37470626831 7.4629983902 -8.14999675751 
7.60476922989 -7.37974262238 7.4629983902 -8.14999675751 
7.62344455719 -7.35971307755 7.4629983902 -8.14999675751 
7.6150598526 -7.36802959442 7.4629983902 -8.14999675751 
7.61396932602 -7.36886358261 7.4629983902 -8.14999675751 
7.61909866333 -7.35965824127 7.4629983902 -8.14999675751 
7.59810876846 -7.36215114594 7.4629983902 -8.14999675751 
7.59920120239 -7.37413692474 7.4629983902 -8.14999675751 
7.60686779022 -7.37193822861 7.4629983902 -8.14999675751 
7.6104798317 -7.35528326035 7.4629983902 -8.14999675751 
7.6185503006 -7.36592769623 7.4629983902 -8.14999675751 
7.60510635376 -7.36678981781 7.4629983902 -8.14999675751 
7.61985492706 -7.35729503632 7.4629983902 -8.14999675751 
7.61966085434 -7.35922002792 7.4629983902 -8.14999675751 
7.5992231369 -7.37210941315 7.4629983902 -8.14999675751 
7.60934972763 -7.36903905869 7.4629983902 -8.14999675751 
7.60204076767 -7.36593532562 7.4629983902 -8.14999675751 
7.61562204361 -7.36734676361 7.4629983902 -8.14999675751 
7.61550426483 -7.35773944855 7.4629983902 -8.14999675751 
7.62745761871 -7.35477828979 7.4629983902 -8.14999675751 
7.62194538116 -7.36467075348 7.4629983902 -8.14999675751 
7.61334753036 -7.35906219482 7.4629983902 -8.14999675751 
7.62079763412 -7.35728216171 7.4629983902 -8.14999675751 
7.60682964325 -7.36561965942 7.4629983902 -8.14999675751 
7.59841060638 -7.37016153336 7.4629983902 -8.14999675751 
7.61104869843 -7.36638021469 7.4629983902 -8.14999675751 
7.59524297714 -7.36229705811 7.4629983902 -8.14999675751 
7.60535049438 -7.36946392059 7.4629983902 -8.14999675751 
7.61277294159 -7.35873937607 7.4629983902 -8.14999675751 
7.61468601227 -7.35644292831 7.4629983902 -8.14999675751 
7.62299823761 -7.35758876801 7.4629983902 -8.14999675751 
7.61813735962 -7.35362386703 7.4629983902 -8.14999675751 
7.62409973145 -7.35181665421 7.4629983902 -8.14999675751 
7.62354946136 -7.35232782364 7.4629983902 -8.14999675751 
7.61473369598 -7.35652160645 7.4629983902 -8.14999675751 
7.62227869034 -7.3541893959 7.4629983902 -8.14999675751 
7.60792398453 -7.34989929199 7.4629983902 -8.14999675751 
7.60714960098 -7.34930706024 7.4629983902 -8.14999675751 
7.62079524994 -7.34894800186 7.4629983902 -8.14999675751 
7.63494253159 -7.33870458603 7.4629983902 -8.14999675751 
7.63443279266 -7.34131860733 7.4629983902 -8.14999675751 
7.61610507965 -7.35082769394 7.4629983902 -8.14999675751 
7.62304544449 -7.34920501709 7.4629983902 -8.14999675751 
7.60823822021 -7.35146093369 7.4629983902 -8.14999675751 
7.58882761002 -7.36101436615 7.4629983902 -8.14999675751 
7.60951757431 -7.35148000717 7.4629983902 -8.14999675751 
7.60395288467 -7.34575939178 7.4629983902 -8.14999675751 
7.61102390289 -7.35435199738 7.4629983902 -8.14999675751 
7.61983585358 -7.34212779999 7.4629983902 -8.14999675751 
7.63107681274 -7.34034585953 7.4629983902 -8.14999675751 
7.62822723389 -7.3477602005 7.4629983902 -8.14999675751 
7.61484766006 -7.3419008255 7.4629983902 -8.14999675751 
7.62674427032 -7.34301900864 7.4629983902 -8.14999675751 
7.61864566803 -7.34953451157 7.4629983902 -8.14999675751 
7.61475896835 -7.34907054901 7.4629983902 -8.14999675751 
7.61660242081 -7.345662117 7.4629983902 -8.14999675751 
7.59667110443 -7.34094905853 7.4629983902 -8.14999675751 
7.59881734848 -7.35227203369 7.4629983902 -8.14999675751 
7.60563182831 -7.34634494781 7.4629983902 -8.14999675751 
7.61658000946 -7.33603286743 7.4629983902 -8.14999675751 
7.5939245224 -7.34957742691 7.4629983902 -8.14999675751 
7.63247966766 -7.33369159698 7.4629983902 -8.14999675751 
7.62582397461 -7.33899211884 7.4629983902 -8.14999675751 
7.62721014023 -7.33885192871 7.4629983902 -8.14999675751 
7.59556484222 -7.35367059708 7.4629983902 -8.14999675751 
7.5924911499 -7.35988235474 7.4629983902 -8.14999675751 
7.60198974609 -7.40000152588 7.4629983902 -8.14999675751 
7.61327075958 -7.40806818008 7.4629983902 -8.14999675751 
7.638671875 -7.39297103882 7.4629983902 -8.14999675751 
7.58571767807 -7.40728855133 7.4629983902 -8.14999675751 
7.59005260468 -7.4067697525 7.4629983902 -8.14999675751 
7.65490436554 -7.42925405502 7.4629983902 -8.14999675751 
7.60863351822 -7.46381282806 7.4629983902 -8.14999675751 
7.62837505341 -7.44859838486 7.4629983902 -8.14999675751 
7.63208913803 -7.44396305084 7.4629983902 -8.14999675751 
7.58796596527 -7.44127559662 7.4629983902 -8.14999675751 
7.66265583038 -7.47735071182 7.4629983902 -8.14999675751 
7.60976648331 -7.48236370087 7.4629983902 -8.14999675751 
7.59959173203 -7.47084951401 7.4629983902 -8.14999675751 
7.65468072891 -7.47094249725 7.4629983902 -8.14999675751 
7.58095645905 -7.51055622101 7.4629983902 -8.14999675751 
7.63518428802 -7.52513408661 7.4629983902 -8.14999675751 
7.61419057846 -7.52944087982 7.4629983902 -8.14999675751 
7.59424734116 -7.53761005402 7.4629983902 -8.14999675751 
7.61744832993 -7.56423425674 7.4629983902 -8.14999675751 
