284 247 
278 223 
280 260 
282 158 
298 283 
299 156 
312 160 
316 234 
302 164 
373 173 
390 174 
384 171 
364 166 
368 158 
356 164 
320 156 
0 0 
0 0 
0 0 
0 0 
0 0 
0 0 
0 0 
0 0 
0 0 
0 0 
0 0 
0 0 
506 84 
0 0 
0 0 
0 0 
0 0 
0 0 
0 0 
0 0 
427 153 
0 0 
346 191 
0 0 
0 0 
0 0 
0 0 
0 0 
0 0 
0 0 
0 0 
0 0 
0 0 
0 0 
0 0 
0 0 
0 0 
404 188 
414 177 
347 204 
346 191 
332 180 
410 138 
348 131 
0 0 
0 0 
0 0 
0 0 
0 0 
0 0 
0 0 
0 0 
0 0 
0 0 
0 0 
626 272 
478 154 
432 143 
305 128 
0 0 
0 0 
0 0 
0 0 
0 0 
0 0 
0 0 
0 0 
0 0 
0 0 
0 0 
0 0 
0 0 
0 0 
0 0 
0 0 
224 176 
452 224 
533 152 
610 284 
623 323 
623 285 
584 239 
540 193 
481 223 
431 190 
386 175 
352 179 
334 112 
317 104 
256 95 
