0.807118556714
0.807118556714
0.800326418329
0.736723735188
0.674745685802
0.605824273675
0.534200959012
0.483201773745
0.426126340841
0.659108054479
0.981094329911
1.01877357491
0.903712793205
0.820957538673
0.773971294537
0.724875463929
8.24062886608
35.5706412375
35.5706412375
7.49796548642
7.17305025782
6.10547164956
3.87100479506
2.96096738523
2.90273582478
1.25959309728
0.43505412372
0.438079037809
0.414554606325
0.347484498872
1.02854226806
0.936918663363
0.849700039664
0.820957538673
0.761261575075
0.748849158992
0.639022021925
0.605824273675
0.538099094335
0.490102229901
0.444204175052
0.395167465843
0.318459331681
0.271188554738
0.230630787537
