0.0 0.0 0.0 0.0 
0.0 0.0 0.0 0.0 
8.04192256927 -5.84014797211 7.4629983902 -8.14999675751 
8.01228904724 -5.87240552902 7.4629983902 -8.14999675751 
8.04444122314 -5.8410282135 7.4629983902 -8.14999675751 
8.06597614288 -5.83323383331 7.4629983902 -8.14999675751 
8.05816936493 -5.84085416794 7.4629983902 -8.14999675751 
8.0593996048 -5.84049844742 7.4629983902 -8.14999675751 
8.06319618225 -5.83512020111 7.4629983902 -8.14999675751 
8.06559371948 -5.80087614059 7.4629983902 -8.14999675751 
8.02792930603 -5.81318378448 7.4629983902 -8.14999675751 
8.06593513489 -5.82120084763 7.4629983902 -8.14999675751 
8.05876159668 -5.8243470192 7.4629983902 -8.14999675751 
8.05375289917 -5.84963417053 7.4629983902 -8.14999675751 
8.08673667908 -5.82067584991 7.4629983902 -8.14999675751 
8.04887580872 -5.8545384407 7.4629983902 -8.14999675751 
8.05221557617 -5.85853862762 7.4629983902 -8.14999675751 
8.10609436035 -5.89092540741 7.4629983902 -8.14999675751 
8.06085014343 -5.90305614471 7.4629983902 -8.14999675751 
8.08466911316 -5.86716794968 7.4629983902 -8.14999675751 
8.11997032166 -5.87292289734 7.4629983902 -8.14999675751 
8.10118675232 -5.91562366486 7.4629983902 -8.14999675751 
8.10079860687 -5.91775131226 7.4629983902 -8.14999675751 
8.08030509949 -5.91045188904 7.4629983902 -8.14999675751 
8.07906532288 -5.89246320724 7.4629983902 -8.14999675751 
8.1206703186 -5.92042684555 7.4629983902 -8.14999675751 
8.08599090576 -5.93775844574 7.4629983902 -8.14999675751 
8.10202407837 -5.9512720108 7.4629983902 -8.14999675751 
8.06765365601 -5.89631557465 7.4629983902 -8.14999675751 
8.06001377106 -5.87627220154 7.4629983902 -8.14999675751 
8.05095291138 -5.925968647 7.4629983902 -8.14999675751 
8.06768417358 -5.94984531403 7.4629983902 -8.14999675751 
8.09358310699 -5.95456027985 7.4629983902 -8.14999675751 
8.07449531555 -5.96801662445 7.4629983902 -8.14999675751 
8.04620361328 -5.9609951973 7.4629983902 -8.14999675751 
8.03736019135 -6.00430297852 7.4629983902 -8.14999675751 
8.00740432739 -5.97734642029 7.4629983902 -8.14999675751 
8.05604553223 -6.01123809814 7.4629983902 -8.14999675751 
8.06311988831 -6.01546669006 7.4629983902 -8.14999675751 
8.01497268677 -6.02191972733 7.4629983902 -8.14999675751 
8.03137397766 -6.05000114441 7.4629983902 -8.14999675751 
8.00671195984 -6.00957584381 7.4629983902 -8.14999675751 
8.01591300964 -6.04103183746 7.4629983902 -8.14999675751 
8.00481414795 -6.04163074493 7.4629983902 -8.14999675751 
7.98403930664 -6.05284833908 7.4629983902 -8.14999675751 
8.02688789368 -6.07965564728 7.4629983902 -8.14999675751 
7.96380329132 -6.03621196747 7.4629983902 -8.14999675751 
7.95029592514 -6.05114269257 7.4629983902 -8.14999675751 
7.97977733612 -6.10599803925 7.4629983902 -8.14999675751 
7.89421606064 -6.07744026184 7.4629983902 -8.14999675751 
7.92573928833 -6.10373353958 7.4629983902 -8.14999675751 
7.91175603867 -6.0916185379 7.4629983902 -8.14999675751 
7.90854549408 -6.09250926971 7.4629983902 -8.14999675751 
7.90170764923 -6.08993244171 7.4629983902 -8.14999675751 
7.88199234009 -6.13653898239 7.4629983902 -8.14999675751 
7.88273859024 -6.14258003235 7.4629983902 -8.14999675751 
7.94442510605 -6.16026926041 7.4629983902 -8.14999675751 
7.89229106903 -6.15745353699 7.4629983902 -8.14999675751 
7.8844909668 -6.18985843658 7.4629983902 -8.14999675751 
7.90727901459 -6.19931030273 7.4629983902 -8.14999675751 
7.90239715576 -6.24015045166 7.4629983902 -8.14999675751 
7.86287212372 -6.25342702866 7.4629983902 -8.14999675751 
7.84291601181 -6.26241254807 7.4629983902 -8.14999675751 
7.90920543671 -6.25876712799 7.4629983902 -8.14999675751 
7.83423900604 -6.2563829422 7.4629983902 -8.14999675751 
7.84698629379 -6.20313549042 7.4629983902 -8.14999675751 
7.86263370514 -6.22232580185 7.4629983902 -8.14999675751 
7.83402919769 -6.24393320084 7.4629983902 -8.14999675751 
7.857837677 -6.2740187645 7.4629983902 -8.14999675751 
7.85167074203 -6.27633190155 7.4629983902 -8.14999675751 
7.88202285767 -6.2507610321 7.4629983902 -8.14999675751 
7.82292699814 -6.21939563751 7.4629983902 -8.14999675751 
7.84589147568 -6.18318319321 7.4629983902 -8.14999675751 
7.855219841 -6.18409109116 7.4629983902 -8.14999675751 
7.79853582382 -6.24099445343 7.4629983902 -8.14999675751 
7.88509988785 -6.23889255524 7.4629983902 -8.14999675751 
7.86671161652 -6.23190069199 7.4629983902 -8.14999675751 
7.84102487564 -6.24986314774 7.4629983902 -8.14999675751 
7.84607219696 -6.24595451355 7.4629983902 -8.14999675751 
7.86879444122 -6.23119354248 7.4629983902 -8.14999675751 
7.8891210556 -6.2303404808 7.4629983902 -8.14999675751 
7.87413167953 -6.20030117035 7.4629983902 -8.14999675751 
7.84658336639 -6.23127937317 7.4629983902 -8.14999675751 
7.88061285019 -6.26835107803 7.4629983902 -8.14999675751 
7.88124990463 -6.24628925323 7.4629983902 -8.14999675751 
7.87323999405 -6.24871730804 7.4629983902 -8.14999675751 
7.87024307251 -6.26043558121 7.4629983902 -8.14999675751 
7.89157772064 -6.24868440628 7.4629983902 -8.14999675751 
7.89395809174 -6.24022769928 7.4629983902 -8.14999675751 
7.8253569603 -6.26497507095 7.4629983902 -8.14999675751 
7.89668512344 -6.27183389664 7.4629983902 -8.14999675751 
7.93070745468 -6.26745414734 7.4629983902 -8.14999675751 
7.86917257309 -6.32169151306 7.4629983902 -8.14999675751 
7.92989826202 -6.34754657745 7.4629983902 -8.14999675751 
7.90191555023 -6.35755872726 7.4629983902 -8.14999675751 
7.92079257965 -6.33002376556 7.4629983902 -8.14999675751 
7.94495248795 -6.35812520981 7.4629983902 -8.14999675751 
7.90326547623 -6.38181495667 7.4629983902 -8.14999675751 
7.99680614471 -6.40603876114 7.4629983902 -8.14999675751 
7.88070821762 -6.45491266251 7.4629983902 -8.14999675751 
7.97842884064 -6.46475362778 7.4629983902 -8.14999675751 
7.97414922714 -6.44476175308 7.4629983902 -8.14999675751 
7.93583536148 -6.4557595253 7.4629983902 -8.14999675751 
7.9547829628 -6.50314998627 7.4629983902 -8.14999675751 
7.96704769135 -6.51589870453 7.4629983902 -8.14999675751 
7.93997573853 -6.52111530304 7.4629983902 -8.14999675751 
7.86900234222 -6.52297592163 7.4629983902 -8.14999675751 
7.93011474609 -6.55752944946 7.4629983902 -8.14999675751 
7.95915699005 -6.57882928848 7.4629983902 -8.14999675751 
7.90011978149 -6.61317157745 7.4629983902 -8.14999675751 
7.9223985672 -6.63151311874 7.4629983902 -8.14999675751 
7.91320562363 -6.63283634186 7.4629983902 -8.14999675751 
7.95359659195 -6.63915252686 7.4629983902 -8.14999675751 
7.92996501923 -6.62568187714 7.4629983902 -8.14999675751 
7.89278793335 -6.61622476578 7.4629983902 -8.14999675751 
7.91295623779 -6.67519378662 7.4629983902 -8.14999675751 
7.9013299942 -6.68255901337 7.4629983902 -8.14999675751 
7.91561985016 -6.67452859879 7.4629983902 -8.14999675751 
7.90140533447 -6.65354299545 7.4629983902 -8.14999675751 
7.92302036285 -6.60490036011 7.4629983902 -8.14999675751 
7.95701694489 -6.63496160507 7.4629983902 -8.14999675751 
7.91784667969 -6.66487598419 7.4629983902 -8.14999675751 
7.94767665863 -6.68071651459 7.4629983902 -8.14999675751 
7.93214941025 -6.66669464111 7.4629983902 -8.14999675751 
7.98849773407 -6.66238546371 7.4629983902 -8.14999675751 
7.96586227417 -6.60168933868 7.4629983902 -8.14999675751 
7.97635746002 -6.63647556305 7.4629983902 -8.14999675751 
8.00400257111 -6.64464855194 7.4629983902 -8.14999675751 
7.97525405884 -6.67885684967 7.4629983902 -8.14999675751 
7.98386287689 -6.68718099594 7.4629983902 -8.14999675751 
7.9799156189 -6.68979406357 7.4629983902 -8.14999675751 
8.03984642029 -6.68052577972 7.4629983902 -8.14999675751 
8.01882743835 -6.69211292267 7.4629983902 -8.14999675751 
8.01473331451 -6.6615729332 7.4629983902 -8.14999675751 
8.06489276886 -6.7118844986 7.4629983902 -8.14999675751 
8.00504970551 -6.73288965225 7.4629983902 -8.14999675751 
8.02693557739 -6.72401952744 7.4629983902 -8.14999675751 
7.9966635704 -6.71138095856 7.4629983902 -8.14999675751 
8.03918075562 -6.64383172989 7.4629983902 -8.14999675751 
8.02315807343 -6.69839477539 7.4629983902 -8.14999675751 
7.95562362671 -6.65238666534 7.4629983902 -8.14999675751 
8.01423072815 -6.67606449127 7.4629983902 -8.14999675751 
7.98483753204 -6.71720123291 7.4629983902 -8.14999675751 
8.0548992157 -6.70972061157 7.4629983902 -8.14999675751 
8.01526451111 -6.70479488373 7.4629983902 -8.14999675751 
8.01446628571 -6.70504617691 7.4629983902 -8.14999675751 
8.07439994812 -6.71176815033 7.4629983902 -8.14999675751 
7.96124649048 -6.75778436661 7.4629983902 -8.14999675751 
8.05097103119 -6.7833275795 7.4629983902 -8.14999675751 
7.95175027847 -6.78750896454 7.4629983902 -8.14999675751 
8.05799865723 -6.83662509918 7.4629983902 -8.14999675751 
8.02208805084 -6.87323379517 7.4629983902 -8.14999675751 
7.97214984894 -6.85415935516 7.4629983902 -8.14999675751 
8.03730678558 -6.8892364502 7.4629983902 -8.14999675751 
8.01078224182 -6.94189071655 7.4629983902 -8.14999675751 
8.01932621002 -6.95369195938 7.4629983902 -8.14999675751 
7.98515462875 -6.91973876953 7.4629983902 -8.14999675751 
8.02905368805 -6.95956707001 7.4629983902 -8.14999675751 
8.04070091248 -6.96566152573 7.4629983902 -8.14999675751 
7.97262859344 -6.94011831284 7.4629983902 -8.14999675751 
8.0353679657 -7.01361608505 7.4629983902 -8.14999675751 
7.94144916534 -6.99560689926 7.4629983902 -8.14999675751 
7.98636484146 -7.03945398331 7.4629983902 -8.14999675751 
7.99126958847 -7.02499389648 7.4629983902 -8.14999675751 
7.9430513382 -7.00219726562 7.4629983902 -8.14999675751 
7.97587490082 -7.07370519638 7.4629983902 -8.14999675751 
7.92312479019 -7.06677865982 7.4629983902 -8.14999675751 
7.96328878403 -7.05867004395 7.4629983902 -8.14999675751 
7.93182754517 -7.06570291519 7.4629983902 -8.14999675751 
7.90753698349 -7.03798818588 7.4629983902 -8.14999675751 
7.94807434082 -7.09664392471 7.4629983902 -8.14999675751 
7.91888141632 -7.09760141373 7.4629983902 -8.14999675751 
7.95383834839 -7.09510946274 7.4629983902 -8.14999675751 
7.95506381989 -7.03685760498 7.4629983902 -8.14999675751 
7.92639160156 -7.03467321396 7.4629983902 -8.14999675751 
7.98113918304 -7.10762929916 7.4629983902 -8.14999675751 
7.88737487793 -7.09432840347 7.4629983902 -8.14999675751 
7.93650722504 -7.15450191498 7.4629983902 -8.14999675751 
7.8514623642 -7.12516307831 7.4629983902 -8.14999675751 
7.86995029449 -7.1446352005 7.4629983902 -8.14999675751 
7.90232849121 -7.13680744171 7.4629983902 -8.14999675751 
7.82473134995 -7.12142086029 7.4629983902 -8.14999675751 
7.868039608 -7.20306634903 7.4629983902 -8.14999675751 
7.79643106461 -7.16581964493 7.4629983902 -8.14999675751 
7.85272979736 -7.1979341507 7.4629983902 -8.14999675751 
7.83294153214 -7.17797994614 7.4629983902 -8.14999675751 
7.7954916954 -7.15826559067 7.4629983902 -8.14999675751 
7.84075164795 -7.19862127304 7.4629983902 -8.14999675751 
7.80203342438 -7.18414974213 7.4629983902 -8.14999675751 
7.87780475616 -7.17528295517 7.4629983902 -8.14999675751 
7.79587459564 -7.1908249855 7.4629983902 -8.14999675751 
7.80235052109 -7.22313547134 7.4629983902 -8.14999675751 
7.80639648438 -7.25647068024 7.4629983902 -8.14999675751 
7.81922388077 -7.2713303566 7.4629983902 -8.14999675751 
7.83041858673 -7.27057123184 7.4629983902 -8.14999675751 
7.79585504532 -7.29139947891 7.4629983902 -8.14999675751 
7.84584140778 -7.2430024147 7.4629983902 -8.14999675751 
7.84777069092 -7.2646279335 7.4629983902 -8.14999675751 
7.84937286377 -7.27112340927 7.4629983902 -8.14999675751 
7.84797763824 -7.27085018158 7.4629983902 -8.14999675751 
7.84841060638 -7.2709031105 7.4629983902 -8.14999675751 
7.85471725464 -7.26404285431 7.4629983902 -8.14999675751 
7.84211349487 -7.28113031387 7.4629983902 -8.14999675751 
7.78241825104 -7.30257511139 7.4629983902 -8.14999675751 
7.7858839035 -7.32953548431 7.4629983902 -8.14999675751 
7.91846942902 -7.29073047638 7.4629983902 -8.14999675751 
7.93425512314 -7.29818248749 7.4629983902 -8.14999675751 
7.87925720215 -7.28530597687 7.4629983902 -8.14999675751 
7.77671337128 -7.28813791275 7.4629983902 -8.14999675751 
7.77285861969 -7.28992938995 7.4629983902 -8.14999675751 
7.91779708862 -7.29178714752 7.4629983902 -8.14999675751 
7.9553937912 -7.31111240387 7.4629983902 -8.14999675751 
7.84983301163 -7.24509048462 7.4629983902 -8.14999675751 
7.75444316864 -7.29583740234 7.4629983902 -8.14999675751 
7.75511693954 -7.26825094223 7.4629983902 -8.14999675751 
7.91037368774 -7.24420642853 7.4629983902 -8.14999675751 
7.89839172363 -7.26191234589 7.4629983902 -8.14999675751 
7.77851247787 -7.32617807388 7.4629983902 -8.14999675751 
7.75716543198 -7.31175231934 7.4629983902 -8.14999675751 
7.80436849594 -7.31420230865 7.4629983902 -8.14999675751 
7.89337778091 -7.30017471313 7.4629983902 -8.14999675751 
7.73606395721 -7.26745462418 7.4629983902 -8.14999675751 
7.73799514771 -7.21024560928 7.4629983902 -8.14999675751 
7.8120970726 -7.16719913483 7.4629983902 -8.14999675751 
7.90223693848 -7.17662286758 7.4629983902 -8.14999675751 
7.89111948013 -7.15646219254 7.4629983902 -8.14999675751 
7.85009241104 -7.16751241684 7.4629983902 -8.14999675751 
7.79220056534 -7.18883037567 7.4629983902 -8.14999675751 
7.79961490631 -7.21784496307 7.4629983902 -8.14999675751 
7.79585123062 -7.21739959717 7.4629983902 -8.14999675751 
7.8037276268 -7.21789836884 7.4629983902 -8.14999675751 
7.83038234711 -7.19321298599 7.4629983902 -8.14999675751 
7.84230899811 -7.19731426239 7.4629983902 -8.14999675751 
7.8073720932 -7.19902038574 7.4629983902 -8.14999675751 
7.83523845673 -7.18749761581 7.4629983902 -8.14999675751 
7.81082010269 -7.19590139389 7.4629983902 -8.14999675751 
7.82487201691 -7.18907642365 7.4629983902 -8.14999675751 
7.82514953613 -7.19572067261 7.4629983902 -8.14999675751 
7.81398773193 -7.20079946518 7.4629983902 -8.14999675751 
7.81027317047 -7.20151662827 7.4629983902 -8.14999675751 
7.8242559433 -7.19510555267 7.4629983902 -8.14999675751 
7.80951786041 -7.19504308701 7.4629983902 -8.14999675751 
7.81427669525 -7.19626522064 7.4629983902 -8.14999675751 
7.85129785538 -7.20688152313 7.4629983902 -8.14999675751 
7.83671808243 -7.20607376099 7.4629983902 -8.14999675751 
7.84764480591 -7.2062163353 7.4629983902 -8.14999675751 
7.84539270401 -7.20565032959 7.4629983902 -8.14999675751 
7.84208202362 -7.20354986191 7.4629983902 -8.14999675751 
7.82760906219 -7.20277929306 7.4629983902 -8.14999675751 
7.83253002167 -7.21283054352 7.4629983902 -8.14999675751 
7.83266973495 -7.22895956039 7.4629983902 -8.14999675751 
7.84258270264 -7.23200321198 7.4629983902 -8.14999675751 
7.84033346176 -7.22978496552 7.4629983902 -8.14999675751 
7.82819604874 -7.23215341568 7.4629983902 -8.14999675751 
7.83233499527 -7.24001550674 7.4629983902 -8.14999675751 
7.81992864609 -7.22924900055 7.4629983902 -8.14999675751 
7.82457590103 -7.23898458481 7.4629983902 -8.14999675751 
7.83607006073 -7.23558568954 7.4629983902 -8.14999675751 
7.84916591644 -7.2301774025 7.4629983902 -8.14999675751 
7.86004495621 -7.22684001923 7.4629983902 -8.14999675751 
7.85415506363 -7.22934627533 7.4629983902 -8.14999675751 
7.85649585724 -7.22886133194 7.4629983902 -8.14999675751 
7.85643005371 -7.22849655151 7.4629983902 -8.14999675751 
7.85613155365 -7.22872257233 7.4629983902 -8.14999675751 
7.85349035263 -7.24580478668 7.4629983902 -8.14999675751 
7.83864355087 -7.26118946075 7.4629983902 -8.14999675751 
7.85840845108 -7.28927898407 7.4629983902 -8.14999675751 
7.84142160416 -7.28369045258 7.4629983902 -8.14999675751 
7.8531165123 -7.28807735443 7.4629983902 -8.14999675751 
7.85299777985 -7.29086685181 7.4629983902 -8.14999675751 
7.85766458511 -7.32693767548 7.4629983902 -8.14999675751 
7.86824274063 -7.34403848648 7.4629983902 -8.14999675751 
7.89250802994 -7.337641716 7.4629983902 -8.14999675751 
7.85617923737 -7.28927898407 7.4629983902 -8.14999675751 
7.86356210709 -7.29918575287 7.4629983902 -8.14999675751 
7.8853225708 -7.28523397446 7.4629983902 -8.14999675751 
7.89386987686 -7.28800821304 7.4629983902 -8.14999675751 
7.82540225983 -7.2924246788 7.4629983902 -8.14999675751 
7.91342067719 -7.30266952515 7.4629983902 -8.14999675751 
7.83655834198 -7.33815670013 7.4629983902 -8.14999675751 
7.84128713608 -7.33188867569 7.4629983902 -8.14999675751 
7.88805103302 -7.33124780655 7.4629983902 -8.14999675751 
7.89681148529 -7.31621694565 7.4629983902 -8.14999675751 
7.88753890991 -7.31141281128 7.4629983902 -8.14999675751 
7.89042186737 -7.31453466415 7.4629983902 -8.14999675751 
7.88962554932 -7.3135843277 7.4629983902 -8.14999675751 
7.90940713882 -7.29995441437 7.4629983902 -8.14999675751 
7.90141963959 -7.32107543945 7.4629983902 -8.14999675751 
7.881108284 -7.33755016327 7.4629983902 -8.14999675751 
7.86900568008 -7.33093261719 7.4629983902 -8.14999675751 
7.92798471451 -7.33017873764 7.4629983902 -8.14999675751 
7.94642496109 -7.3119225502 7.4629983902 -8.14999675751 
7.88799762726 -7.33493280411 7.4629983902 -8.14999675751 
7.89113378525 -7.33579921722 7.4629983902 -8.14999675751 
7.89182281494 -7.33468008041 7.4629983902 -8.14999675751 
7.88986206055 -7.3345413208 7.4629983902 -8.14999675751 
7.89739465714 -7.33398532867 7.4629983902 -8.14999675751 
7.88350772858 -7.32500362396 7.4629983902 -8.14999675751 
7.89021396637 -7.32803344727 7.4629983902 -8.14999675751 
7.8906378746 -7.32882165909 7.4629983902 -8.14999675751 
7.89771127701 -7.32354879379 7.4629983902 -8.14999675751 
7.89039373398 -7.32756900787 7.4629983902 -8.14999675751 
7.894926548 -7.31627416611 7.4629983902 -8.14999675751 
7.91587162018 -7.3189535141 7.4629983902 -8.14999675751 
7.927734375 -7.31972789764 7.4629983902 -8.14999675751 
7.87391376495 -7.32642650604 7.4629983902 -8.14999675751 
7.91991901398 -7.34020519257 7.4629983902 -8.14999675751 
7.85788726807 -7.33211898804 7.4629983902 -8.14999675751 
7.92205905914 -7.31277561188 7.4629983902 -8.14999675751 
7.94783258438 -7.32977676392 7.4629983902 -8.14999675751 
7.93729305267 -7.38731622696 7.4629983902 -8.14999675751 
7.9066824913 -7.38874340057 7.4629983902 -8.14999675751 
7.90481567383 -7.37927484512 7.4629983902 -8.14999675751 
7.98202991486 -7.38900899887 7.4629983902 -8.14999675751 
7.95097064972 -7.39112186432 7.4629983902 -8.14999675751 
7.89477539062 -7.43466472626 7.4629983902 -8.14999675751 
7.93778753281 -7.44879770279 7.4629983902 -8.14999675751 
7.96537780762 -7.41158819199 7.4629983902 -8.14999675751 
7.94110250473 -7.42630147934 7.4629983902 -8.14999675751 
7.95119857788 -7.42402124405 7.4629983902 -8.14999675751 
7.95392894745 -7.42372655869 7.4629983902 -8.14999675751 
7.96165990829 -7.41996669769 7.4629983902 -8.14999675751 
7.9852514267 -7.39676380157 7.4629983902 -8.14999675751 
7.91858816147 -7.42399835587 7.4629983902 -8.14999675751 
7.82660961151 -7.40679693222 7.4629983902 -8.14999675751 
7.80704402924 -7.45251178741 7.4629983902 -8.14999675751 
7.76277303696 -7.4612455368 7.4629983902 -8.14999675751 
7.69618988037 -7.47104787827 7.4629983902 -8.14999675751 
7.55320262909 -7.55046224594 7.4629983902 -8.14999675751 
7.50959920883 -7.63348674774 7.4629983902 -8.14999675751 
7.55991268158 -7.719851017 7.4629983902 -8.14999675751 
7.56120824814 -7.75278186798 7.4629983902 -8.14999675751 
7.56438589096 -7.76018238068 7.4629983902 -8.14999675751 
7.55238866806 -7.73390102386 7.4629983902 -8.14999675751 
7.53840875626 -7.73037576675 7.4629983902 -8.14999675751 
7.54065227509 -7.72619724274 7.4629983902 -8.14999675751 
7.53991031647 -7.72677707672 7.4629983902 -8.14999675751 
7.54174900055 -7.72971963882 7.4629983902 -8.14999675751 
7.54016494751 -7.72892284393 7.4629983902 -8.14999675751 
7.5400686264 -7.72491836548 7.4629983902 -8.14999675751 
7.53969860077 -7.72638845444 7.4629983902 -8.14999675751 
7.53873968124 -7.72507715225 7.4629983902 -8.14999675751 
7.54166936874 -7.73038578033 7.4629983902 -8.14999675751 
7.54501819611 -7.73418140411 7.4629983902 -8.14999675751 
7.5419716835 -7.73032999039 7.4629983902 -8.14999675751 
7.54089355469 -7.72173833847 7.4629983902 -8.14999675751 
7.54005146027 -7.72298192978 7.4629983902 -8.14999675751 
7.54444599152 -7.73042154312 7.4629983902 -8.14999675751 
7.5422873497 -7.72775793076 7.4629983902 -8.14999675751 
7.54153823853 -7.72632598877 7.4629983902 -8.14999675751 
7.54098892212 -7.72235202789 7.4629983902 -8.14999675751 
7.53926372528 -7.72164011002 7.4629983902 -8.14999675751 
7.54173517227 -7.72608852386 7.4629983902 -8.14999675751 
7.54754114151 -7.73302602768 7.4629983902 -8.14999675751 
7.54368829727 -7.72869777679 7.4629983902 -8.14999675751 
7.54214715958 -7.72165393829 7.4629983902 -8.14999675751 
7.54080820084 -7.72090530396 7.4629983902 -8.14999675751 
7.54246616364 -7.72543716431 7.4629983902 -8.14999675751 
7.54538726807 -7.72684335709 7.4629983902 -8.14999675751 
7.54276561737 -7.71995639801 7.4629983902 -8.14999675751 
7.54238986969 -7.71837997437 7.4629983902 -8.14999675751 
7.5427904129 -7.71907186508 7.4629983902 -8.14999675751 
7.54347324371 -7.72277212143 7.4629983902 -8.14999675751 
7.54986858368 -7.72429418564 7.4629983902 -8.14999675751 
7.54606389999 -7.72203969955 7.4629983902 -8.14999675751 
7.54398727417 -7.71630716324 7.4629983902 -8.14999675751 
7.54369497299 -7.71580791473 7.4629983902 -8.14999675751 
7.5446805954 -7.71955966949 7.4629983902 -8.14999675751 
7.54832363129 -7.72104787827 7.4629983902 -8.14999675751 
7.54594516754 -7.72360897064 7.4629983902 -8.14999675751 
7.54185581207 -7.71508646011 7.4629983902 -8.14999675751 
7.54223632812 -7.7130484581 7.4629983902 -8.14999675751 
7.54184341431 -7.71502590179 7.4629983902 -8.14999675751 
7.54511499405 -7.71940231323 7.4629983902 -8.14999675751 
7.5424413681 -7.71599721909 7.4629983902 -8.14999675751 
7.54469156265 -7.71177530289 7.4629983902 -8.14999675751 
7.54454278946 -7.71269845963 7.4629983902 -8.14999675751 
7.54353427887 -7.71204519272 7.4629983902 -8.14999675751 
7.54607534409 -7.71768569946 7.4629983902 -8.14999675751 
7.5515794754 -7.71993541718 7.4629983902 -8.14999675751 
7.54859256744 -7.71821117401 7.4629983902 -8.14999675751 
7.54622793198 -7.71130466461 7.4629983902 -8.14999675751 
7.54652929306 -7.71083164215 7.4629983902 -8.14999675751 
7.54672527313 -7.7133398056 7.4629983902 -8.14999675751 
7.55130386353 -7.72073507309 7.4629983902 -8.14999675751 
7.54880523682 -7.72186756134 7.4629983902 -8.14999675751 
7.54340219498 -7.71108007431 7.4629983902 -8.14999675751 
7.5447473526 -7.71131515503 7.4629983902 -8.14999675751 
7.54452419281 -7.71343612671 7.4629983902 -8.14999675751 
7.54758548737 -7.71943283081 7.4629983902 -8.14999675751 
7.54198312759 -7.71206283569 7.4629983902 -8.14999675751 
7.54387283325 -7.70996713638 7.4629983902 -8.14999675751 
7.54367828369 -7.7121629715 7.4629983902 -8.14999675751 
7.54327249527 -7.71178150177 7.4629983902 -8.14999675751 
7.54672861099 -7.7164978981 7.4629983902 -8.14999675751 
7.54794216156 -7.72072982788 7.4629983902 -8.14999675751 
7.54390621185 -7.7137169838 7.4629983902 -8.14999675751 
7.54458618164 -7.70824337006 7.4629983902 -8.14999675751 
7.54340600967 -7.70830917358 7.4629983902 -8.14999675751 
7.54512548447 -7.71215200424 7.4629983902 -8.14999675751 
7.55208587646 -7.7208647728 7.4629983902 -8.14999675751 
7.54782772064 -7.71676635742 7.4629983902 -8.14999675751 
7.54468297958 -7.70806407928 7.4629983902 -8.14999675751 
7.54566812515 -7.71189022064 7.4629983902 -8.14999675751 
7.5519194603 -7.71392822266 7.4629983902 -8.14999675751 
7.55352306366 -7.72022008896 7.4629983902 -8.14999675751 
7.54785299301 -7.71536874771 7.4629983902 -8.14999675751 
7.54457998276 -7.70754766464 7.4629983902 -8.14999675751 
7.54464054108 -7.70793771744 7.4629983902 -8.14999675751 
7.54577922821 -7.71158742905 7.4629983902 -8.14999675751 
7.55061483383 -7.71323680878 7.4629983902 -8.14999675751 
7.54732608795 -7.71168756485 7.4629983902 -8.14999675751 
7.54459238052 -7.70495319366 7.4629983902 -8.14999675751 
7.54516220093 -7.70415592194 7.4629983902 -8.14999675751 
7.54441833496 -7.70592403412 7.4629983902 -8.14999675751 
7.54694366455 -7.70928430557 7.4629983902 -8.14999675751 
7.54203128815 -7.70464849472 7.4629983902 -8.14999675751 
7.54332971573 -7.70211648941 7.4629983902 -8.14999675751 
7.54363155365 -7.70392227173 7.4629983902 -8.14999675751 
7.54330301285 -7.70390224457 7.4629983902 -8.14999675751 
7.54618310928 -7.7081413269 7.4629983902 -8.14999675751 
7.54876327515 -7.71421909332 7.4629983902 -8.14999675751 
7.54440593719 -7.70581531525 7.4629983902 -8.14999675751 
7.54604625702 -7.70275974274 7.4629983902 -8.14999675751 
7.54773187637 -7.70805978775 7.4629983902 -8.14999675751 
7.54971551895 -7.71198558807 7.4629983902 -8.14999675751 
7.54747867584 -7.70877075195 7.4629983902 -8.14999675751 
7.54640722275 -7.7068901062 7.4629983902 -8.14999675751 
7.54666376114 -7.70119571686 7.4629983902 -8.14999675751 
7.54529190063 -7.70137691498 7.4629983902 -8.14999675751 
7.54814147949 -7.70664072037 7.4629983902 -8.14999675751 
7.55141925812 -7.71192407608 7.4629983902 -8.14999675751 
7.5484380722 -7.70896625519 7.4629983902 -8.14999675751 
7.54645299911 -7.70188808441 7.4629983902 -8.14999675751 
7.54546833038 -7.70222759247 7.4629983902 -8.14999675751 
7.54750728607 -7.70662593842 7.4629983902 -8.14999675751 
7.55262231827 -7.71001195908 7.4629983902 -8.14999675751 
7.54817342758 -7.70603179932 7.4629983902 -8.14999675751 
7.54521846771 -7.6989030838 7.4629983902 -8.14999675751 
7.54606723785 -7.69886922836 7.4629983902 -8.14999675751 
7.54912042618 -7.70323848724 7.4629983902 -8.14999675751 
7.54740810394 -7.70605945587 7.4629983902 -8.14999675751 
7.54483699799 -7.69980716705 7.4629983902 -8.14999675751 
7.54410409927 -7.69822216034 7.4629983902 -8.14999675751 
7.54521083832 -7.69561910629 7.4629983902 -8.14999675751 
7.54358005524 -7.6953125 7.4629983902 -8.14999675751 
7.54577493668 -7.69861364365 7.4629983902 -8.14999675751 
7.54934024811 -7.70643472672 7.4629983902 -8.14999675751 
7.54471302032 -7.69245767593 7.4629983902 -8.14999675751 
7.54414892197 -7.69402837753 7.4629983902 -8.14999675751 
7.54570531845 -7.69703149796 7.4629983902 -8.14999675751 
7.54700994492 -7.69914627075 7.4629983902 -8.14999675751 
7.5494055748 -7.70300292969 7.4629983902 -8.14999675751 
7.54699325562 -7.69937372208 7.4629983902 -8.14999675751 
7.54521036148 -7.69145059586 7.4629983902 -8.14999675751 
7.54367923737 -7.69084262848 7.4629983902 -8.14999675751 
7.54679012299 -7.69749927521 7.4629983902 -8.14999675751 
7.55508327484 -7.6987953186 7.4629983902 -8.14999675751 
7.55159139633 -7.69635391235 7.4629983902 -8.14999675751 
7.54837036133 -7.68829202652 7.4629983902 -8.14999675751 
7.54818058014 -7.68823385239 7.4629983902 -8.14999675751 
7.55616617203 -7.69755077362 7.4629983902 -8.14999675751 
7.55292415619 -7.69588756561 7.4629983902 -8.14999675751 
7.54892873764 -7.68621587753 7.4629983902 -8.14999675751 
7.54893779755 -7.68551015854 7.4629983902 -8.14999675751 
7.54882717133 -7.68482589722 7.4629983902 -8.14999675751 
7.54938745499 -7.68799829483 7.4629983902 -8.14999675751 
7.55566310883 -7.69246673584 7.4629983902 -8.14999675751 
7.55260753632 -7.69268417358 7.4629983902 -8.14999675751 
7.54903268814 -7.68374347687 7.4629983902 -8.14999675751 
7.54886722565 -7.68271255493 7.4629983902 -8.14999675751 
7.54927968979 -7.6852645874 7.4629983902 -8.14999675751 
7.55022192001 -7.68910837173 7.4629983902 -8.14999675751 
7.54626178741 -7.68112802505 7.4629983902 -8.14999675751 
7.54637527466 -7.67769145966 7.4629983902 -8.14999675751 
7.54641437531 -7.67753839493 7.4629983902 -8.14999675751 
7.54576206207 -7.67950963974 7.4629983902 -8.14999675751 
7.54947376251 -7.68592453003 7.4629983902 -8.14999675751 
7.54812145233 -7.68902587891 7.4629983902 -8.14999675751 
7.5430855751 -7.68038797379 7.4629983902 -8.14999675751 
7.54527568817 -7.67861843109 7.4629983902 -8.14999675751 
7.54444980621 -7.67998218536 7.4629983902 -8.14999675751 
7.54614639282 -7.68257236481 7.4629983902 -8.14999675751 
7.54780578613 -7.68400192261 7.4629983902 -8.14999675751 
7.54660892487 -7.68447351456 7.4629983902 -8.14999675751 
7.5443854332 -7.67812824249 7.4629983902 -8.14999675751 
7.54423618317 -7.6820936203 7.4629983902 -8.14999675751 
7.55174350739 -7.68499612808 7.4629983902 -8.14999675751 
7.54901123047 -7.68540334702 7.4629983902 -8.14999675751 
7.54761600494 -7.68338489532 7.4629983902 -8.14999675751 
7.54572677612 -7.67665719986 7.4629983902 -8.14999675751 
7.54433584213 -7.67516326904 7.4629983902 -8.14999675751 
7.54587078094 -7.67967224121 7.4629983902 -8.14999675751 
7.5534286499 -7.68344593048 7.4629983902 -8.14999675751 
7.54608821869 -7.67275905609 7.4629983902 -8.14999675751 
7.54573059082 -7.67200565338 7.4629983902 -8.14999675751 
7.54663705826 -7.67542934418 7.4629983902 -8.14999675751 
7.54665851593 -7.67569065094 7.4629983902 -8.14999675751 
7.55315542221 -7.68184947968 7.4629983902 -8.14999675751 
7.54861354828 -7.67881393433 7.4629983902 -8.14999675751 
7.5461769104 -7.67131519318 7.4629983902 -8.14999675751 
7.54559326172 -7.67081451416 7.4629983902 -8.14999675751 
7.54604434967 -7.6735253334 7.4629983902 -8.14999675751 
7.55195617676 -7.67856884003 7.4629983902 -8.14999675751 
7.5478758812 -7.67695903778 7.4629983902 -8.14999675751 
7.5439081192 -7.66770458221 7.4629983902 -8.14999675751 
7.54483270645 -7.66973495483 7.4629983902 -8.14999675751 
7.54953622818 -7.67648077011 7.4629983902 -8.14999675751 
7.54838848114 -7.67904186249 7.4629983902 -8.14999675751 
7.54683971405 -7.67915582657 7.4629983902 -8.14999675751 
7.54447174072 -7.67194747925 7.4629983902 -8.14999675751 
7.54464817047 -7.66373062134 7.4629983902 -8.14999675751 
7.54453754425 -7.6654291153 7.4629983902 -8.14999675751 
7.54687643051 -7.66930913925 7.4629983902 -8.14999675751 
7.55111980438 -7.6764588356 7.4629983902 -8.14999675751 
7.54780435562 -7.67315912247 7.4629983902 -8.14999675751 
7.54564285278 -7.66570186615 7.4629983902 -8.14999675751 
7.54330921173 -7.66362380981 7.4629983902 -8.14999675751 
7.54587936401 -7.66976928711 7.4629983902 -8.14999675751 
7.55220317841 -7.67356491089 7.4629983902 -8.14999675751 
7.54595327377 -7.66324710846 7.4629983902 -8.14999675751 
7.54328680038 -7.6615524292 7.4629983902 -8.14999675751 
7.54420614243 -7.66425800323 7.4629983902 -8.14999675751 
7.54527139664 -7.66638660431 7.4629983902 -8.14999675751 
7.5532708168 -7.66851139069 7.4629983902 -8.14999675751 
7.55009937286 -7.66805171967 7.4629983902 -8.14999675751 
7.54676914215 -7.6580824852 7.4629983902 -8.14999675751 
7.54444503784 -7.6570854187 7.4629983902 -8.14999675751 
7.54680490494 -7.66253757477 7.4629983902 -8.14999675751 
7.54767894745 -7.66601419449 7.4629983902 -8.14999675751 
7.54404354095 -7.65674066544 7.4629983902 -8.14999675751 
7.54227304459 -7.65701007843 7.4629983902 -8.14999675751 
7.54187393188 -7.65706777573 7.4629983902 -8.14999675751 
7.54430007935 -7.66096591949 7.4629983902 -8.14999675751 
7.54819774628 -7.66726303101 7.4629983902 -8.14999675751 
7.54465341568 -7.66357421875 7.4629983902 -8.14999675751 
7.54355621338 -7.65706253052 7.4629983902 -8.14999675751 
7.54155826569 -7.65590047836 7.4629983902 -8.14999675751 
7.54380941391 -7.6609992981 7.4629983902 -8.14999675751 
7.55085134506 -7.66187047958 7.4629983902 -8.14999675751 
7.54380321503 -7.65219640732 7.4629983902 -8.14999675751 
7.5433921814 -7.65269374847 7.4629983902 -8.14999675751 
7.54472732544 -7.656001091 7.4629983902 -8.14999675751 
7.54497051239 -7.65640497208 7.4629983902 -8.14999675751 
7.55131673813 -7.66090679169 7.4629983902 -8.14999675751 
7.54701089859 -7.65753650665 7.4629983902 -8.14999675751 
7.54447460175 -7.6505484581 7.4629983902 -8.14999675751 
7.54385232925 -7.64976596832 7.4629983902 -8.14999675751 
7.54472875595 -7.65356206894 7.4629983902 -8.14999675751 
7.55027246475 -7.65624713898 7.4629983902 -8.14999675751 
7.54227685928 -7.64738988876 7.4629983902 -8.14999675751 
7.54287624359 -7.6477637291 7.4629983902 -8.14999675751 
7.54429626465 -7.65090703964 7.4629983902 -8.14999675751 
7.54443359375 -7.6513261795 7.4629983902 -8.14999675751 
7.54923391342 -7.65537643433 7.4629983902 -8.14999675751 
7.54443216324 -7.65258550644 7.4629983902 -8.14999675751 
7.54090881348 -7.64400863647 7.4629983902 -8.14999675751 
7.54149913788 -7.64444637299 7.4629983902 -8.14999675751 
7.54178905487 -7.64688968658 7.4629983902 -8.14999675751 
7.54707336426 -7.65239572525 7.4629983902 -8.14999675751 
7.54305171967 -7.65120410919 7.4629983902 -8.14999675751 
7.53923559189 -7.64343643188 7.4629983902 -8.14999675751 
7.53938007355 -7.6390709877 7.4629983902 -8.14999675751 
7.53882884979 -7.64034795761 7.4629983902 -8.14999675751 
7.5403470993 -7.64278697968 7.4629983902 -8.14999675751 
7.54387760162 -7.64994907379 7.4629983902 -8.14999675751 
7.54119110107 -7.64554595947 7.4629983902 -8.14999675751 
7.53928852081 -7.63857889175 7.4629983902 -8.14999675751 
7.53986501694 -7.64365911484 7.4629983902 -8.14999675751 
7.54649972916 -7.65196704865 7.4629983902 -8.14999675751 
7.54274654388 -7.6501288414 7.4629983902 -8.14999675751 
7.54141139984 -7.64789056778 7.4629983902 -8.14999675751 
7.53963756561 -7.64161777496 7.4629983902 -8.14999675751 
7.538210392 -7.64074325562 7.4629983902 -8.14999675751 
7.5400352478 -7.64527368546 7.4629983902 -8.14999675751 
7.54572582245 -7.64527225494 7.4629983902 -8.14999675751 
7.5421667099 -7.64386463165 7.4629983902 -8.14999675751 
7.53893375397 -7.6369843483 7.4629983902 -8.14999675751 
7.53994131088 -7.63598537445 7.4629983902 -8.14999675751 
7.53957509995 -7.63791751862 7.4629983902 -8.14999675751 
7.54420614243 -7.64134216309 7.4629983902 -8.14999675751 
7.54349899292 -7.64557504654 7.4629983902 -8.14999675751 
7.53969717026 -7.63744258881 7.4629983902 -8.14999675751 
7.54164409637 -7.63368844986 7.4629983902 -8.14999675751 
7.54280376434 -7.6376581192 7.4629983902 -8.14999675751 
7.54499816895 -7.64118289948 7.4629983902 -8.14999675751 
7.54247903824 -7.63721370697 7.4629983902 -8.14999675751 
7.54140853882 -7.63550710678 7.4629983902 -8.14999675751 
7.54113006592 -7.63118076324 7.4629983902 -8.14999675751 
7.54019927979 -7.63192272186 7.4629983902 -8.14999675751 
7.54218769073 -7.63643026352 7.4629983902 -8.14999675751 
7.55283737183 -7.64602565765 7.4629983902 -8.14999675751 
7.54718542099 -7.63725757599 7.4629983902 -8.14999675751 
7.54414129257 -7.63279867172 7.4629983902 -8.14999675751 
7.54477787018 -7.63237905502 7.4629983902 -8.14999675751 
7.54517221451 -7.63492584229 7.4629983902 -8.14999675751 
7.55096149445 -7.64028644562 7.4629983902 -8.14999675751 
7.54793691635 -7.64110183716 7.4629983902 -8.14999675751 
7.54229259491 -7.62970733643 7.4629983902 -8.14999675751 
7.54415798187 -7.63082122803 7.4629983902 -8.14999675751 
7.54407787323 -7.63321208954 7.4629983902 -8.14999675751 
7.5522942543 -7.64015054703 7.4629983902 -8.14999675751 
7.54920053482 -7.63783359528 7.4629983902 -8.14999675751 
7.54425287247 -7.6282248497 7.4629983902 -8.14999675751 
7.54477071762 -7.62921619415 7.4629983902 -8.14999675751 
7.54841327667 -7.63279819489 7.4629983902 -8.14999675751 
7.54732751846 -7.6357588768 7.4629983902 -8.14999675751 
7.54669094086 -7.63554000854 7.4629983902 -8.14999675751 
7.54304409027 -7.62642812729 7.4629983902 -8.14999675751 
7.54541635513 -7.62408685684 7.4629983902 -8.14999675751 
7.54481267929 -7.62562179565 7.4629983902 -8.14999675751 
7.54795074463 -7.63067770004 7.4629983902 -8.14999675751 
7.54891347885 -7.6351442337 7.4629983902 -8.14999675751 
7.54452753067 -7.62701654434 7.4629983902 -8.14999675751 
7.5461435318 -7.62343454361 7.4629983902 -8.14999675751 
7.54607534409 -7.6245598793 7.4629983902 -8.14999675751 
7.54848384857 -7.62954044342 7.4629983902 -8.14999675751 
7.55333709717 -7.63389587402 7.4629983902 -8.14999675751 
7.54678487778 -7.6223487854 7.4629983902 -8.14999675751 
7.5454583168 -7.62188577652 7.4629983902 -8.14999675751 
7.5470495224 -7.62603235245 7.4629983902 -8.14999675751 
7.54734945297 -7.62655639648 7.4629983902 -8.14999675751 
7.5537443161 -7.62952518463 7.4629983902 -8.14999675751 
7.54972696304 -7.62756729126 7.4629983902 -8.14999675751 
7.54657125473 -7.61845779419 7.4629983902 -8.14999675751 
7.54630184174 -7.61848068237 7.4629983902 -8.14999675751 
7.54683017731 -7.62174701691 7.4629983902 -8.14999675751 
7.55252218246 -7.62717676163 7.4629983902 -8.14999675751 
7.55009317398 -7.62978982925 7.4629983902 -8.14999675751 
7.54501485825 -7.61989593506 7.4629983902 -8.14999675751 
7.54627609253 -7.61816501617 7.4629983902 -8.14999675751 
7.54537200928 -7.61934947968 7.4629983902 -8.14999675751 
7.55108737946 -7.63011693954 7.4629983902 -8.14999675751 
7.54716587067 -7.62305927277 7.4629983902 -8.14999675751 
7.5475897789 -7.6168794632 7.4629983902 -8.14999675751 
7.5460767746 -7.61508703232 7.4629983902 -8.14999675751 
7.54491281509 -7.61685180664 7.4629983902 -8.14999675751 
7.54754161835 -7.62084722519 7.4629983902 -8.14999675751 
7.55093860626 -7.62596511841 7.4629983902 -8.14999675751 
7.54726314545 -7.62022256851 7.4629983902 -8.14999675751 
7.5475859642 -7.61617183685 7.4629983902 -8.14999675751 
7.54651880264 -7.61672830582 7.4629983902 -8.14999675751 
7.54899358749 -7.62170886993 7.4629983902 -8.14999675751 
7.55540370941 -7.62335300446 7.4629983902 -8.14999675751 
7.55165338516 -7.62072277069 7.4629983902 -8.14999675751 
7.54889202118 -7.61397838593 7.4629983902 -8.14999675751 
7.54863500595 -7.61371326447 7.4629983902 -8.14999675751 
7.54952526093 -7.61647558212 7.4629983902 -8.14999675751 
7.55431604385 -7.62101650238 7.4629983902 -8.14999675751 
7.54663610458 -7.61128616333 7.4629983902 -8.14999675751 
7.54871273041 -7.61041116714 7.4629983902 -8.14999675751 
7.54851436615 -7.61254787445 7.4629983902 -8.14999675751 
7.54820537567 -7.61244106293 7.4629983902 -8.14999675751 
7.5563211441 -7.62220525742 7.4629983902 -8.14999675751 
7.5532746315 -7.62034320831 7.4629983902 -8.14999675751 
7.54752731323 -7.61053752899 7.4629983902 -8.14999675751 
7.54927158356 -7.60970973969 7.4629983902 -8.14999675751 
7.548163414 -7.61021709442 7.4629983902 -8.14999675751 
7.55032587051 -7.61358547211 7.4629983902 -8.14999675751 
7.5531334877 -7.61888360977 7.4629983902 -8.14999675751 
7.54883098602 -7.61151981354 7.4629983902 -8.14999675751 
7.54909658432 -7.60749578476 7.4629983902 -8.14999675751 
7.55040121078 -7.61125707626 7.4629983902 -8.14999675751 
7.5530295372 -7.61209583282 7.4629983902 -8.14999675751 
7.55494451523 -7.61819553375 7.4629983902 -8.14999675751 
7.55018901825 -7.61213779449 7.4629983902 -8.14999675751 
7.55086374283 -7.60591888428 7.4629983902 -8.14999675751 
7.54871988297 -7.60402393341 7.4629983902 -8.14999675751 
7.5509314537 -7.60894536972 7.4629983902 -8.14999675751 
7.559425354 -7.61051273346 7.4629983902 -8.14999675751 
7.55614852905 -7.6107339859 7.4629983902 -8.14999675751 
7.55217266083 -7.60334777832 7.4629983902 -8.14999675751 
7.55285263062 -7.60317373276 7.4629983902 -8.14999675751 
7.5528845787 -7.60479450226 7.4629983902 -8.14999675751 
7.55665588379 -7.60813903809 7.4629983902 -8.14999675751 
7.55494213104 -7.61122369766 7.4629983902 -8.14999675751 
7.55077886581 -7.60204601288 7.4629983902 -8.14999675751 
7.55314779282 -7.60008907318 7.4629983902 -8.14999675751 
7.55315160751 -7.60185003281 7.4629983902 -8.14999675751 
7.55507898331 -7.60385751724 7.4629983902 -8.14999675751 
7.55457448959 -7.60471200943 7.4629983902 -8.14999675751 
7.552983284 -7.59816741943 7.4629983902 -8.14999675751 
7.55176305771 -7.59823894501 7.4629983902 -8.14999675751 
7.55124378204 -7.5979719162 7.4629983902 -8.14999675751 
7.55412912369 -7.60249996185 7.4629983902 -8.14999675751 
7.56107234955 -7.61045360565 7.4629983902 -8.14999675751 
7.55603647232 -7.60636234283 7.4629983902 -8.14999675751 
7.55295705795 -7.59953546524 7.4629983902 -8.14999675751 
7.55416584015 -7.60296630859 7.4629983902 -8.14999675751 
7.56002283096 -7.60494709015 7.4629983902 -8.14999675751 
7.55789852142 -7.60646677017 7.4629983902 -8.14999675751 
7.55671405792 -7.6054983139 7.4629983902 -8.14999675751 
7.55435562134 -7.59886026382 7.4629983902 -8.14999675751 
7.55288934708 -7.59761667252 7.4629983902 -8.14999675751 
7.5545334816 -7.6014342308 7.4629983902 -8.14999675751 
7.56186008453 -7.60719299316 7.4629983902 -8.14999675751 
7.55850362778 -7.60539865494 7.4629983902 -8.14999675751 
7.55328083038 -7.59506464005 7.4629983902 -8.14999675751 
7.5542974472 -7.59801006317 7.4629983902 -8.14999675751 
7.56069946289 -7.59987020493 7.4629983902 -8.14999675751 
7.55857563019 -7.60229873657 7.4629983902 -8.14999675751 
7.55702733994 -7.60080623627 7.4629983902 -8.14999675751 
7.554728508 -7.5950293541 7.4629983902 -8.14999675751 
7.55369186401 -7.59172439575 7.4629983902 -8.14999675751 
7.55376148224 -7.5945725441 7.4629983902 -8.14999675751 
7.55801534653 -7.59704065323 7.4629983902 -8.14999675751 
7.55558156967 -7.59869623184 7.4629983902 -8.14999675751 
7.55141162872 -7.59126377106 7.4629983902 -8.14999675751 
7.55117511749 -7.58751535416 7.4629983902 -8.14999675751 
7.55112981796 -7.58990764618 7.4629983902 -8.14999675751 
7.55473184586 -7.59445285797 7.4629983902 -8.14999675751 
7.55676364899 -7.60045719147 7.4629983902 -8.14999675751 
7.55391025543 -7.58700180054 7.4629983902 -8.14999675751 
7.55299472809 -7.58811855316 7.4629983902 -8.14999675751 
7.55412435532 -7.58995819092 7.4629983902 -8.14999675751 
7.55611562729 -7.59271240234 7.4629983902 -8.14999675751 
7.55844497681 -7.59633350372 7.4629983902 -8.14999675751 
7.55502462387 -7.59200763702 7.4629983902 -8.14999675751 
7.55431652069 -7.58642578125 7.4629983902 -8.14999675751 
7.55317306519 -7.58659601212 7.4629983902 -8.14999675751 
7.55620479584 -7.59117269516 7.4629983902 -8.14999675751 
7.56157827377 -7.59414052963 7.4629983902 -8.14999675751 
7.55893802643 -7.59367370605 7.4629983902 -8.14999675751 
7.55616283417 -7.58656406403 7.4629983902 -8.14999675751 
7.55497360229 -7.58581256866 7.4629983902 -8.14999675751 
7.55674505234 -7.58923101425 7.4629983902 -8.14999675751 
7.56151580811 -7.59282541275 7.4629983902 -8.14999675751 
7.55646038055 -7.58293151855 7.4629983902 -8.14999675751 
7.55660104752 -7.58256626129 7.4629983902 -8.14999675751 
7.55680751801 -7.58290863037 7.4629983902 -8.14999675751 
7.55703115463 -7.58528614044 7.4629983902 -8.14999675751 
7.56223058701 -7.58700847626 7.4629983902 -8.14999675751 
7.55898809433 -7.58743190765 7.4629983902 -8.14999675751 
7.55444097519 -7.57998180389 7.4629983902 -8.14999675751 
7.55505275726 -7.57795476913 7.4629983902 -8.14999675751 
7.55494022369 -7.57960891724 7.4629983902 -8.14999675751 
7.55973720551 -7.58990859985 7.4629983902 -8.14999675751 
7.55503082275 -7.58145141602 7.4629983902 -8.14999675751 
7.55726861954 -7.57734203339 7.4629983902 -8.14999675751 
7.55622577667 -7.57590770721 7.4629983902 -8.14999675751 
7.55476236343 -7.57701396942 7.4629983902 -8.14999675751 
7.55781841278 -7.58199214935 7.4629983902 -8.14999675751 
7.55966186523 -7.58624124527 7.4629983902 -8.14999675751 
7.55617141724 -7.58061885834 7.4629983902 -8.14999675751 
7.55644083023 -7.57588720322 7.4629983902 -8.14999675751 
7.55520153046 -7.57633066177 7.4629983902 -8.14999675751 
7.56103658676 -7.58353185654 7.4629983902 -8.14999675751 
7.55789804459 -7.58111810684 7.4629983902 -8.14999675751 
7.55698537827 -7.57717990875 7.4629983902 -8.14999675751 
7.55503082275 -7.5741019249 7.4629983902 -8.14999675751 
7.55317020416 -7.57438373566 7.4629983902 -8.14999675751 
7.55623531342 -7.57975244522 7.4629983902 -8.14999675751 
7.55884170532 -7.58304357529 7.4629983902 -8.14999675751 
7.55574893951 -7.57893228531 7.4629983902 -8.14999675751 
7.55267858505 -7.57384252548 7.4629983902 -8.14999675751 
7.5550737381 -7.57853937149 7.4629983902 -8.14999675751 
7.56151866913 -7.58229827881 7.4629983902 -8.14999675751 
7.56397628784 -7.58961486816 7.4629983902 -8.14999675751 
7.55611515045 -7.57873630524 7.4629983902 -8.14999675751 
7.55660104752 -7.57344961166 7.4629983902 -8.14999675751 
7.555372715 -7.57366943359 7.4629983902 -8.14999675751 
7.55763101578 -7.57691812515 7.4629983902 -8.14999675751 
7.56102657318 -7.58074045181 7.4629983902 -8.14999675751 
7.55635356903 -7.57125854492 7.4629983902 -8.14999675751 
7.55615901947 -7.57329463959 7.4629983902 -8.14999675751 
7.55540180206 -7.57297801971 7.4629983902 -8.14999675751 
7.55949401855 -7.57881784439 7.4629983902 -8.14999675751 
7.56057882309 -7.58196163177 7.4629983902 -8.14999675751 
7.55695343018 -7.57214069366 7.4629983902 -8.14999675751 
7.55725955963 -7.57497024536 7.4629983902 -8.14999675751 
7.55841302872 -7.5758600235 7.4629983902 -8.14999675751 
7.56075143814 -7.5811882019 7.4629983902 -8.14999675751 
7.55827713013 -7.58165359497 7.4629983902 -8.14999675751 
7.55374622345 -7.57498788834 7.4629983902 -8.14999675751 
7.5542755127 -7.57091140747 7.4629983902 -8.14999675751 
7.55367565155 -7.57232904434 7.4629983902 -8.14999675751 
7.55646371841 -7.57655858994 7.4629983902 -8.14999675751 
7.55906534195 -7.58004760742 7.4629983902 -8.14999675751 
7.55557918549 -7.57723712921 7.4629983902 -8.14999675751 
7.55482006073 -7.57109594345 7.4629983902 -8.14999675751 
7.55683279037 -7.5759305954 7.4629983902 -8.14999675751 
7.56227970123 -7.58001327515 7.4629983902 -8.14999675751 
7.56017446518 -7.57905817032 7.4629983902 -8.14999675751 
7.55888128281 -7.57737064362 7.4629983902 -8.14999675751 
7.5569024086 -7.57077789307 7.4629983902 -8.14999675751 
7.55437088013 -7.56887054443 7.4629983902 -8.14999675751 
7.55704641342 -7.57410287857 7.4629983902 -8.14999675751 
7.56459522247 -7.57898235321 7.4629983902 -8.14999675751 
7.56135416031 -7.57765960693 7.4629983902 -8.14999675751 
7.5573682785 -7.56924533844 7.4629983902 -8.14999675751 
7.55590724945 -7.56812000275 7.4629983902 -8.14999675751 
7.55782318115 -7.57214260101 7.4629983902 -8.14999675751 
7.56162500381 -7.57402658463 7.4629983902 -8.14999675751 
7.55606842041 -7.56538772583 7.4629983902 -8.14999675751 
7.55739498138 -7.56538248062 7.4629983902 -8.14999675751 
7.55763864517 -7.56554269791 7.4629983902 -8.14999675751 
7.55724334717 -7.56717443466 7.4629983902 -8.14999675751 
7.56329631805 -7.57318973541 7.4629983902 -8.14999675751 
7.56051635742 -7.57462072372 7.4629983902 -8.14999675751 
7.5572218895 -7.56816005707 7.4629983902 -8.14999675751 
7.55659723282 -7.5671005249 7.4629983902 -8.14999675751 
7.56106948853 -7.57016086578 7.4629983902 -8.14999675751 
7.56015872955 -7.57333278656 7.4629983902 -8.14999675751 
7.55946731567 -7.57274007797 7.4629983902 -8.14999675751 
7.55596065521 -7.56634902954 7.4629983902 -8.14999675751 
7.55539178848 -7.56079769135 7.4629983902 -8.14999675751 
7.55572032928 -7.56321716309 7.4629983902 -8.14999675751 
7.56051540375 -7.569480896 7.4629983902 -8.14999675751 
7.56062173843 -7.57191324234 7.4629983902 -8.14999675751 
7.55625915527 -7.56561803818 7.4629983902 -8.14999675751 
7.5568985939 -7.56203460693 7.4629983902 -8.14999675751 
7.5560426712 -7.56238651276 7.4629983902 -8.14999675751 
7.56266927719 -7.57105779648 7.4629983902 -8.14999675751 
7.55757522583 -7.5637755394 7.4629983902 -8.14999675751 
7.5591750145 -7.55963373184 7.4629983902 -8.14999675751 
7.55839395523 -7.55863666534 7.4629983902 -8.14999675751 
7.55760860443 -7.56004333496 7.4629983902 -8.14999675751 
7.55947780609 -7.56158924103 7.4629983902 -8.14999675751 
7.55913448334 -7.56200170517 7.4629983902 -8.14999675751 
7.55843448639 -7.55730438232 7.4629983902 -8.14999675751 
7.55854654312 -7.55908203125 7.4629983902 -8.14999675751 
7.55805206299 -7.55887889862 7.4629983902 -8.14999675751 
7.56189107895 -7.56419849396 7.4629983902 -8.14999675751 
7.56474685669 -7.5686750412 7.4629983902 -8.14999675751 
7.56056690216 -7.56268787384 7.4629983902 -8.14999675751 
7.55795526505 -7.55814218521 7.4629983902 -8.14999675751 
7.56195354462 -7.56244754791 7.4629983902 -8.14999675751 
7.56374454498 -7.56700134277 7.4629983902 -8.14999675751 
7.56353521347 -7.56662607193 7.4629983902 -8.14999675751 
7.55971240997 -7.5607085228 7.4629983902 -8.14999675751 
7.55908870697 -7.55533218384 7.4629983902 -8.14999675751 
7.55808639526 -7.55687427521 7.4629983902 -8.14999675751 
7.56129360199 -7.56020069122 7.4629983902 -8.14999675751 
7.56570911407 -7.56736660004 7.4629983902 -8.14999675751 
7.55940103531 -7.55655002594 7.4629983902 -8.14999675751 
7.55742359161 -7.55608272552 7.4629983902 -8.14999675751 
7.55866479874 -7.55824279785 7.4629983902 -8.14999675751 
7.55986022949 -7.56001377106 7.4629983902 -8.14999675751 
7.56372976303 -7.56431055069 7.4629983902 -8.14999675751 
7.55997610092 -7.56192779541 7.4629983902 -8.14999675751 
7.557472229 -7.55553913116 7.4629983902 -8.14999675751 
7.55559015274 -7.55449008942 7.4629983902 -8.14999675751 
7.55869913101 -7.55967473984 7.4629983902 -8.14999675751 
7.56592655182 -7.56191921234 7.4629983902 -8.14999675751 
7.55662441254 -7.5517911911 7.4629983902 -8.14999675751 
7.55476665497 -7.55081272125 7.4629983902 -8.14999675751 
7.55596923828 -7.5531167984 7.4629983902 -8.14999675751 
7.55727005005 -7.55496358871 7.4629983902 -8.14999675751 
7.56309127808 -7.55983257294 7.4629983902 -8.14999675751 
7.56029272079 -7.55906581879 7.4629983902 -8.14999675751 
7.55576038361 -7.55001735687 7.4629983902 -8.14999675751 
7.55504465103 -7.54953098297 7.4629983902 -8.14999675751 
7.55643081665 -7.55308008194 7.4629983902 -8.14999675751 
7.56306171417 -7.55720233917 7.4629983902 -8.14999675751 
7.55417871475 -7.54884815216 7.4629983902 -8.14999675751 
7.55455112457 -7.54808139801 7.4629983902 -8.14999675751 
7.55516672134 -7.55027866364 7.4629983902 -8.14999675751 
7.55533123016 -7.55068349838 7.4629983902 -8.14999675751 
7.562520504 -7.55486679077 7.4629983902 -8.14999675751 
7.55979156494 -7.55518865585 7.4629983902 -8.14999675751 
7.55280542374 -7.54512023926 7.4629983902 -8.14999675751 
7.55437374115 -7.54518651962 7.4629983902 -8.14999675751 
7.55416250229 -7.54692316055 7.4629983902 -8.14999675751 
7.55735635757 -7.55117559433 7.4629983902 -8.14999675751 
7.55742549896 -7.55392169952 7.4629983902 -8.14999675751 
7.55160284042 -7.54616165161 7.4629983902 -8.14999675751 
7.55221176147 -7.54498767853 7.4629983902 -8.14999675751 
7.55494689941 -7.54808425903 7.4629983902 -8.14999675751 
7.5559258461 -7.55008029938 7.4629983902 -8.14999675751 
7.55812835693 -7.5530462265 7.4629983902 -8.14999675751 
7.55294513702 -7.54665851593 7.4629983902 -8.14999675751 
7.55313396454 -7.54324960709 7.4629983902 -8.14999675751 
7.55625247955 -7.54963064194 7.4629983902 -8.14999675751 
7.55734634399 -7.55367422104 7.4629983902 -8.14999675751 
7.55271291733 -7.54664468765 7.4629983902 -8.14999675751 
7.55224323273 -7.54630184174 7.4629983902 -8.14999675751 
7.55256032944 -7.54469299316 7.4629983902 -8.14999675751 
7.55229854584 -7.54586172104 7.4629983902 -8.14999675751 
7.55523538589 -7.55240392685 7.4629983902 -8.14999675751 
7.5483045578 -7.54403972626 7.4629983902 -8.14999675751 
7.54987049103 -7.54323339462 7.4629983902 -8.14999675751 
7.55067968369 -7.54369831085 7.4629983902 -8.14999675751 
7.55004739761 -7.54520893097 7.4629983902 -8.14999675751 
7.55410146713 -7.54777431488 7.4629983902 -8.14999675751 
7.55322027206 -7.55151224136 7.4629983902 -8.14999675751 
7.54688167572 -7.5422501564 7.4629983902 -8.14999675751 
7.54798269272 -7.54063558578 7.4629983902 -8.14999675751 
7.54744243622 -7.54203701019 7.4629983902 -8.14999675751 
7.55229854584 -7.54859924316 7.4629983902 -8.14999675751 
7.55297088623 -7.55216503143 7.4629983902 -8.14999675751 
7.54835033417 -7.53933858871 7.4629983902 -8.14999675751 
7.54789876938 -7.54087591171 7.4629983902 -8.14999675751 
7.55116891861 -7.54423761368 7.4629983902 -8.14999675751 
7.55206775665 -7.54641866684 7.4629983902 -8.14999675751 
7.55383062363 -7.54983758926 7.4629983902 -8.14999675751 
7.5506529808 -7.54474401474 7.4629983902 -8.14999675751 
7.5477013588 -7.53710794449 7.4629983902 -8.14999675751 
7.54772853851 -7.53823757172 7.4629983902 -8.14999675751 
7.55037546158 -7.54167032242 7.4629983902 -8.14999675751 
7.55601119995 -7.54784011841 7.4629983902 -8.14999675751 
7.5510635376 -7.54290866852 7.4629983902 -8.14999675751 
7.54970169067 -7.537940979 7.4629983902 -8.14999675751 
7.5475897789 -7.53701162338 7.4629983902 -8.14999675751 
7.54984664917 -7.54079580307 7.4629983902 -8.14999675751 
7.55596923828 -7.54136562347 7.4629983902 -8.14999675751 
7.55240631104 -7.54099798203 7.4629983902 -8.14999675751 
7.54816293716 -7.5330619812 7.4629983902 -8.14999675751 
7.54847335815 -7.53549718857 7.4629983902 -8.14999675751 
7.55425548553 -7.537774086 7.4629983902 -8.14999675751 
7.55635309219 -7.54275751114 7.4629983902 -8.14999675751 
7.55210399628 -7.54313135147 7.4629983902 -8.14999675751 
7.548163414 -7.53568506241 7.4629983902 -8.14999675751 
7.55063247681 -7.53419733047 7.4629983902 -8.14999675751 
7.54893350601 -7.53411626816 7.4629983902 -8.14999675751 
7.55199337006 -7.53739023209 7.4629983902 -8.14999675751 
7.55494689941 -7.54265451431 7.4629983902 -8.14999675751 
7.55047369003 -7.53099441528 7.4629983902 -8.14999675751 
7.55024242401 -7.53246927261 7.4629983902 -8.14999675751 
7.55360555649 -7.53564977646 7.4629983902 -8.14999675751 
7.55528736115 -7.53930139542 7.4629983902 -8.14999675751 
7.55329227448 -7.54029607773 7.4629983902 -8.14999675751 
7.54931640625 -7.53371286392 7.4629983902 -8.14999675751 
7.54878759384 -7.53072500229 7.4629983902 -8.14999675751 
7.54892873764 -7.53305578232 7.4629983902 -8.14999675751 
7.55586385727 -7.53509759903 7.4629983902 -8.14999675751 
7.55392599106 -7.5370016098 7.4629983902 -8.14999675751 
7.54779911041 -7.52554035187 7.4629983902 -8.14999675751 
7.54805374146 -7.52769613266 7.4629983902 -8.14999675751 
7.55002498627 -7.52905511856 7.4629983902 -8.14999675751 
7.55242776871 -7.53308582306 7.4629983902 -8.14999675751 
7.55334186554 -7.53522348404 7.4629983902 -8.14999675751 
7.54852390289 -7.52881717682 7.4629983902 -8.14999675751 
7.54912281036 -7.52509975433 7.4629983902 -8.14999675751 
7.54918289185 -7.52655506134 7.4629983902 -8.14999675751 
7.55576324463 -7.534740448 7.4629983902 -8.14999675751 
7.55206298828 -7.53052377701 7.4629983902 -8.14999675751 
7.55021190643 -7.52474737167 7.4629983902 -8.14999675751 
7.54723453522 -7.52195262909 7.4629983902 -8.14999675751 
7.54833602905 -7.52566051483 7.4629983902 -8.14999675751 
7.55162191391 -7.52927017212 7.4629983902 -8.14999675751 
7.55491113663 -7.53214120865 7.4629983902 -8.14999675751 
7.55172491074 -7.5293340683 7.4629983902 -8.14999675751 
7.55087280273 -7.52533960342 7.4629983902 -8.14999675751 
7.54940319061 -7.52552652359 7.4629983902 -8.14999675751 
7.55298995972 -7.53046417236 7.4629983902 -8.14999675751 
7.55860042572 -7.53087997437 7.4629983902 -8.14999675751 
7.55147027969 -7.52380514145 7.4629983902 -8.14999675751 
7.55128765106 -7.52379989624 7.4629983902 -8.14999675751 
7.55217504501 -7.52562952042 7.4629983902 -8.14999675751 
7.55306386948 -7.52712917328 7.4629983902 -8.14999675751 
7.55895853043 -7.52834939957 7.4629983902 -8.14999675751 
7.55682659149 -7.5298538208 7.4629983902 -8.14999675751 
7.55252981186 -7.52276849747 7.4629983902 -8.14999675751 
7.55086421967 -7.52143239975 7.4629983902 -8.14999675751 
7.55269765854 -7.52543115616 7.4629983902 -8.14999675751 
7.55776071548 -7.52517938614 7.4629983902 -8.14999675751 
7.55001068115 -7.52004098892 7.4629983902 -8.14999675751 
7.54990243912 -7.51757574081 7.4629983902 -8.14999675751 
7.55032205582 -7.51949310303 7.4629983902 -8.14999675751 
7.55005645752 -7.51935720444 7.4629983902 -8.14999675751 
7.55559158325 -7.52200984955 7.4629983902 -8.14999675751 
7.55451583862 -7.52572536469 7.4629983902 -8.14999675751 
7.548869133 -7.51754760742 7.4629983902 -8.14999675751 
7.55015087128 -7.51488351822 7.4629983902 -8.14999675751 
7.5504617691 -7.51703023911 7.4629983902 -8.14999675751 
7.55510950089 -7.52306222916 7.4629983902 -8.14999675751 
7.55134487152 -7.5179810524 7.4629983902 -8.14999675751 
7.55004787445 -7.51264858246 7.4629983902 -8.14999675751 
7.54872226715 -7.51135873795 7.4629983902 -8.14999675751 
7.54815673828 -7.51401901245 7.4629983902 -8.14999675751 
7.55190563202 -7.51828098297 7.4629983902 -8.14999675751 
7.55665493011 -7.52498006821 7.4629983902 -8.14999675751 
7.55239963531 -7.52092123032 7.4629983902 -8.14999675751 
7.55079555511 -7.51552057266 7.4629983902 -8.14999675751 
7.5485701561 -7.51465892792 7.4629983902 -8.14999675751 
7.5514626503 -7.51917552948 7.4629983902 -8.14999675751 
7.55532693863 -7.52104043961 7.4629983902 -8.14999675751 
7.54972553253 -7.51242446899 7.4629983902 -8.14999675751 
7.54984903336 -7.51189661026 7.4629983902 -8.14999675751 
7.55003261566 -7.51180553436 7.4629983902 -8.14999675751 
7.55088710785 -7.51445007324 7.4629983902 -8.14999675751 
7.55750894547 -7.51828670502 7.4629983902 -8.14999675751 
7.55244827271 -7.51622247696 7.4629983902 -8.14999675751 
7.54804325104 -7.51095867157 7.4629983902 -8.14999675751 
7.54767370224 -7.50817108154 7.4629983902 -8.14999675751 
7.54732513428 -7.50950527191 7.4629983902 -8.14999675751 
7.55156564713 -7.51862955093 7.4629983902 -8.14999675751 
7.54766988754 -7.51167821884 7.4629983902 -8.14999675751 
7.54825496674 -7.50622034073 7.4629983902 -8.14999675751 
7.54580450058 -7.50345897675 7.4629983902 -8.14999675751 
7.54525470734 -7.50650787354 7.4629983902 -8.14999675751 
7.5489730835 -7.51128387451 7.4629983902 -8.14999675751 
7.54988002777 -7.5148897171 7.4629983902 -8.14999675751 
7.54431772232 -7.5075545311 7.4629983902 -8.14999675751 
7.54470300674 -7.50753259659 7.4629983902 -8.14999675751 
7.55203533173 -7.51531600952 7.4629983902 -8.14999675751 
7.55052804947 -7.51891708374 7.4629983902 -8.14999675751 
7.54943943024 -7.51830530167 7.4629983902 -8.14999675751 
7.54441928864 -7.50927209854 7.4629983902 -8.14999675751 
7.54602575302 -7.50764846802 7.4629983902 -8.14999675751 
