0 0 
634 250 
627 252 
0 0 
0 0 
558 221 
556 246 
0 0 
0 0 
427 229 
412 245 
497 284 
490 256 
566 239 
429 225 
531 266 
485 261 
387 207 
444 267 
370 251 
329 256 
435 270 
380 245 
512 258 
263 229 
268 256 
273 240 
186 242 
348 222 
332 272 
343 254 
418 260 
245 246 
274 270 
262 282 
236 255 
264 262 
280 284 
313 217 
269 361 
228 242 
224 263 
209 259 
453 275 
525 234 
505 281 
524 246 
465 261 
503 249 
362 220 
309 259 
333 250 
314 240 
430 266 
393 272 
0 0 
0 0 
542 313 
465 286 
537 256 
435 195 
383 268 
383 222 
444 323 
498 246 
467 272 
621 236 
559 277 
553 271 
577 255 
448 260 
472 249 
307 247 
356 290 
305 270 
76 244 
56 230 
43 253 
97 311 
123 272 
84 247 
318 231 
354 263 
358 271 
384 256 
219 230 
241 266 
214 268 
192 262 
281 234 
83 246 
160 281 
177 267 
157 256 
320 229 
306 274 
331 267 
350 236 
195 238 
167 264 
167 266 
103 269 
261 202 
306 254 
385 281 
387 257 
239 237 
353 269 
280 289 
254 300 
271 275 
20 249 
0 267 
0 278 
0 0 
0 0 
143 215 
147 242 
117 302 
170 267 
21 249 
75 280 
102 275 
71 256 
197 229 
127 258 
108 251 
166 250 
125 262 
242 277 
194 281 
206 259 
319 230 
183 215 
102 264 
139 270 
31 245 
4 240 
0 0 
0 0 
0 0 
0 0 
0 0 
0 0 
0 0 
0 0 
0 280 
0 0 
0 0 
0 0 
0 0 
0 0 
0 0 
0 0 
0 0 
0 0 
0 0 
81 211 
21 303 
0 253 
24 240 
17 249 
35 246 
43 252 
94 257 
0 0 
0 0 
75 242 
62 259 
0 0 
0 0 
160 273 
152 260 
22 295 
23 273 
0 258 
181 253 
248 270 
155 278 
255 222 
251 268 
221 228 
156 218 
137 266 
302 230 
135 234 
219 288 
239 267 
155 250 
288 231 
127 272 
84 291 
148 279 
70 258 
129 261 
0 0 
0 0 
0 0 
0 0 
0 0 
0 0 
0 0 
0 0 
0 0 
0 0 
0 0 
0 0 
0 0 
0 0 
0 0 
0 0 
0 0 
0 0 
0 0 
0 0 
0 0 
0 0 
0 0 
0 0 
0 0 
0 0 
0 0 
0 0 
0 0 
0 0 
0 0 
0 0 
0 0 
0 0 
0 0 
0 0 
0 0 
0 0 
0 0 
0 0 
0 0 
0 0 
0 0 
0 0 
0 0 
0 0 
0 0 
0 0 
0 0 
0 0 
0 0 
0 0 
0 0 
0 0 
0 0 
0 0 
0 0 
0 0 
3 248 
2 245 
0 222 
0 248 
38 260 
0 272 
0 263 
53 237 
0 0 
0 0 
0 256 
2 268 
0 0 
0 0 
9 281 
8 265 
0 0 
0 0 
0 0 
0 0 
0 0 
0 0 
0 0 
0 0 
0 0 
0 0 
0 0 
0 0 
160 295 
141 262 
142 263 
150 253 
162 256 
248 243 
206 282 
153 272 
222 260 
181 262 
299 287 
386 289 
356 284 
371 285 
283 290 
232 308 
292 251 
198 245 
133 269 
112 299 
69 268 
123 264 
0 272 
0 0 
0 0 
0 266 
