0.0 0.0 0.0 0.0 
0.0 0.0 0.0 0.0 
8.06997680664 -5.85035896301 7.4629983902 -8.14999675751 
8.09810161591 -5.85189294815 7.4629983902 -8.14999675751 
8.07660102844 -5.82348823547 7.4629983902 -8.14999675751 
8.06589984894 -5.84783935547 7.4629983902 -8.14999675751 
8.07972049713 -5.8470582962 7.4629983902 -8.14999675751 
8.08390140533 -5.85622692108 7.4629983902 -8.14999675751 
8.08613300323 -5.8328499794 7.4629983902 -8.14999675751 
8.02879810333 -5.84368467331 7.4629983902 -8.14999675751 
8.04771995544 -5.84337377548 7.4629983902 -8.14999675751 
8.13185691833 -5.83794307709 7.4629983902 -8.14999675751 
8.08623123169 -5.87982654572 7.4629983902 -8.14999675751 
8.11119270325 -5.87983036041 7.4629983902 -8.14999675751 
8.08566093445 -5.83358192444 7.4629983902 -8.14999675751 
8.0679101944 -5.85616827011 7.4629983902 -8.14999675751 
8.10812187195 -5.86303043365 7.4629983902 -8.14999675751 
8.04809570312 -5.86412525177 7.4629983902 -8.14999675751 
8.13911628723 -5.88629436493 7.4629983902 -8.14999675751 
8.10402297974 -5.92118215561 7.4629983902 -8.14999675751 
8.11149787903 -5.92970895767 7.4629983902 -8.14999675751 
8.1203250885 -5.95241832733 7.4629983902 -8.14999675751 
8.08305072784 -5.93262052536 7.4629983902 -8.14999675751 
8.12667655945 -5.94922971725 7.4629983902 -8.14999675751 
8.17260551453 -5.95055389404 7.4629983902 -8.14999675751 
8.11136817932 -5.95476770401 7.4629983902 -8.14999675751 
8.16825485229 -5.96726131439 7.4629983902 -8.14999675751 
8.12903499603 -5.9635925293 7.4629983902 -8.14999675751 
8.12400150299 -5.95946550369 7.4629983902 -8.14999675751 
8.13941764832 -5.99357318878 7.4629983902 -8.14999675751 
8.14877986908 -5.9970369339 7.4629983902 -8.14999675751 
8.1860370636 -6.02356910706 7.4629983902 -8.14999675751 
8.1941204071 -6.0152759552 7.4629983902 -8.14999675751 
8.18385505676 -6.05388641357 7.4629983902 -8.14999675751 
8.20412063599 -6.06914901733 7.4629983902 -8.14999675751 
8.11077880859 -6.04974079132 7.4629983902 -8.14999675751 
8.21373176575 -6.1340379715 7.4629983902 -8.14999675751 
8.20995903015 -6.17809581757 7.4629983902 -8.14999675751 
8.11747932434 -6.13317775726 7.4629983902 -8.14999675751 
8.23573493958 -6.16788101196 7.4629983902 -8.14999675751 
8.20489692688 -6.1242442131 7.4629983902 -8.14999675751 
8.2408246994 -6.16859912872 7.4629983902 -8.14999675751 
8.18162059784 -6.16421699524 7.4629983902 -8.14999675751 
8.16484165192 -6.17261981964 7.4629983902 -8.14999675751 
8.22485923767 -6.18039035797 7.4629983902 -8.14999675751 
8.17537689209 -6.22836971283 7.4629983902 -8.14999675751 
8.23060417175 -6.24556779861 7.4629983902 -8.14999675751 
8.16491889954 -6.23731708527 7.4629983902 -8.14999675751 
8.20686149597 -6.2585105896 7.4629983902 -8.14999675751 
8.22864341736 -6.24728250504 7.4629983902 -8.14999675751 
8.20684623718 -6.29896068573 7.4629983902 -8.14999675751 
8.16299533844 -6.27302455902 7.4629983902 -8.14999675751 
8.17844581604 -6.28950452805 7.4629983902 -8.14999675751 
8.25325107574 -6.32139205933 7.4629983902 -8.14999675751 
8.21278190613 -6.35711193085 7.4629983902 -8.14999675751 
8.14039039612 -6.33780193329 7.4629983902 -8.14999675751 
8.20452976227 -6.34895801544 7.4629983902 -8.14999675751 
8.25854969025 -6.32562541962 7.4629983902 -8.14999675751 
8.23012733459 -6.32389163971 7.4629983902 -8.14999675751 
8.2013835907 -6.32892131805 7.4629983902 -8.14999675751 
8.13104724884 -6.30330514908 7.4629983902 -8.14999675751 
8.1285905838 -6.3222618103 7.4629983902 -8.14999675751 
8.25539207458 -6.31280946732 7.4629983902 -8.14999675751 
8.14528656006 -6.28425788879 7.4629983902 -8.14999675751 
8.208152771 -6.34039115906 7.4629983902 -8.14999675751 
8.15302467346 -6.34986352921 7.4629983902 -8.14999675751 
8.19250488281 -6.33536434174 7.4629983902 -8.14999675751 
8.22223377228 -6.32370471954 7.4629983902 -8.14999675751 
8.15427494049 -6.36355257034 7.4629983902 -8.14999675751 
8.19108390808 -6.37836742401 7.4629983902 -8.14999675751 
8.14949798584 -6.39335918427 7.4629983902 -8.14999675751 
8.16558933258 -6.41422939301 7.4629983902 -8.14999675751 
8.1997127533 -6.40168523788 7.4629983902 -8.14999675751 
8.17660236359 -6.43919658661 7.4629983902 -8.14999675751 
8.16001987457 -6.44386529922 7.4629983902 -8.14999675751 
8.12480640411 -6.41193628311 7.4629983902 -8.14999675751 
8.14018154144 -6.46552801132 7.4629983902 -8.14999675751 
8.11445999146 -6.49207782745 7.4629983902 -8.14999675751 
8.08082389832 -6.46488857269 7.4629983902 -8.14999675751 
8.09000015259 -6.50020885468 7.4629983902 -8.14999675751 
8.08559513092 -6.4711561203 7.4629983902 -8.14999675751 
8.10063743591 -6.49690103531 7.4629983902 -8.14999675751 
8.10370635986 -6.49882507324 7.4629983902 -8.14999675751 
8.07470035553 -6.5198097229 7.4629983902 -8.14999675751 
8.08249855042 -6.52686977386 7.4629983902 -8.14999675751 
8.03663921356 -6.47672510147 7.4629983902 -8.14999675751 
8.04057121277 -6.48823690414 7.4629983902 -8.14999675751 
8.0204410553 -6.5236825943 7.4629983902 -8.14999675751 
8.02234649658 -6.54070949554 7.4629983902 -8.14999675751 
8.05479049683 -6.56648349762 7.4629983902 -8.14999675751 
8.03082180023 -6.51830291748 7.4629983902 -8.14999675751 
7.99897480011 -6.4978890419 7.4629983902 -8.14999675751 
8.04630088806 -6.57242965698 7.4629983902 -8.14999675751 
7.98095846176 -6.56164932251 7.4629983902 -8.14999675751 
8.0233259201 -6.55803918839 7.4629983902 -8.14999675751 
7.99796915054 -6.59274530411 7.4629983902 -8.14999675751 
7.97026062012 -6.58854818344 7.4629983902 -8.14999675751 
7.98655414581 -6.60231304169 7.4629983902 -8.14999675751 
7.96508169174 -6.57478094101 7.4629983902 -8.14999675751 
7.96127414703 -6.61118412018 7.4629983902 -8.14999675751 
7.96324539185 -6.62066268921 7.4629983902 -8.14999675751 
7.9365105629 -6.62616729736 7.4629983902 -8.14999675751 
7.98544979095 -6.62427806854 7.4629983902 -8.14999675751 
7.96390533447 -6.63249588013 7.4629983902 -8.14999675751 
7.95815896988 -6.6766295433 7.4629983902 -8.14999675751 
7.95533370972 -6.68894672394 7.4629983902 -8.14999675751 
7.90494680405 -6.67600870132 7.4629983902 -8.14999675751 
7.94891738892 -6.67302703857 7.4629983902 -8.14999675751 
7.97469329834 -6.67110157013 7.4629983902 -8.14999675751 
7.91647815704 -6.70524692535 7.4629983902 -8.14999675751 
7.92583370209 -6.73002910614 7.4629983902 -8.14999675751 
7.91829538345 -6.69436120987 7.4629983902 -8.14999675751 
7.89687585831 -6.68968820572 7.4629983902 -8.14999675751 
7.90970754623 -6.75834560394 7.4629983902 -8.14999675751 
7.87179803848 -6.73931789398 7.4629983902 -8.14999675751 
7.87842416763 -6.7056221962 7.4629983902 -8.14999675751 
7.9123506546 -6.75878047943 7.4629983902 -8.14999675751 
7.89677429199 -6.743309021 7.4629983902 -8.14999675751 
7.82873392105 -6.73760318756 7.4629983902 -8.14999675751 
7.85622024536 -6.77992534637 7.4629983902 -8.14999675751 
7.83029460907 -6.75223922729 7.4629983902 -8.14999675751 
7.81444072723 -6.74777603149 7.4629983902 -8.14999675751 
7.84802007675 -6.82103204727 7.4629983902 -8.14999675751 
7.79551792145 -6.80448150635 7.4629983902 -8.14999675751 
7.82046031952 -6.81891107559 7.4629983902 -8.14999675751 
7.83626651764 -6.83107233047 7.4629983902 -8.14999675751 
7.76691150665 -6.82934951782 7.4629983902 -8.14999675751 
7.79889059067 -6.85733938217 7.4629983902 -8.14999675751 
7.7562994957 -6.87139225006 7.4629983902 -8.14999675751 
7.74483346939 -6.86536169052 7.4629983902 -8.14999675751 
7.77624750137 -6.91299962997 7.4629983902 -8.14999675751 
7.71676158905 -6.88526678085 7.4629983902 -8.14999675751 
7.74747848511 -6.90863037109 7.4629983902 -8.14999675751 
7.78666687012 -6.88258647919 7.4629983902 -8.14999675751 
7.73637104034 -6.92009735107 7.4629983902 -8.14999675751 
7.71267986298 -6.91877746582 7.4629983902 -8.14999675751 
7.70540380478 -6.89688110352 7.4629983902 -8.14999675751 
7.71269130707 -6.92762613297 7.4629983902 -8.14999675751 
7.72021627426 -6.96041345596 7.4629983902 -8.14999675751 
7.68203496933 -6.95204305649 7.4629983902 -8.14999675751 
7.6767821312 -6.9471578598 7.4629983902 -8.14999675751 
7.67764759064 -6.94857883453 7.4629983902 -8.14999675751 
7.67744684219 -6.94784259796 7.4629983902 -8.14999675751 
7.69264698029 -6.9513001442 7.4629983902 -8.14999675751 
7.67858362198 -6.95417165756 7.4629983902 -8.14999675751 
7.67700433731 -6.95663738251 7.4629983902 -8.14999675751 
7.67477416992 -6.94452428818 7.4629983902 -8.14999675751 
7.72429561615 -6.97969579697 7.4629983902 -8.14999675751 
7.67949771881 -6.94816684723 7.4629983902 -8.14999675751 
7.69429922104 -6.95745849609 7.4629983902 -8.14999675751 
7.68949270248 -6.95522451401 7.4629983902 -8.14999675751 
7.69225311279 -6.95595932007 7.4629983902 -8.14999675751 
7.69151973724 -6.95568370819 7.4629983902 -8.14999675751 
7.70678329468 -7.00144863129 7.4629983902 -8.14999675751 
7.69636058807 -6.97915887833 7.4629983902 -8.14999675751 
7.68709182739 -6.96958255768 7.4629983902 -8.14999675751 
7.66192340851 -6.96310949326 7.4629983902 -8.14999675751 
7.67242670059 -6.91952419281 7.4629983902 -8.14999675751 
7.67923212051 -6.96176290512 7.4629983902 -8.14999675751 
7.67881155014 -6.9510102272 7.4629983902 -8.14999675751 
7.67232751846 -6.9459104538 7.4629983902 -8.14999675751 
7.69990825653 -6.96786260605 7.4629983902 -8.14999675751 
7.71433019638 -6.97434711456 7.4629983902 -8.14999675751 
7.64895868301 -6.96175098419 7.4629983902 -8.14999675751 
7.6740899086 -6.99260473251 7.4629983902 -8.14999675751 
7.64712285995 -6.95280075073 7.4629983902 -8.14999675751 
7.6198759079 -6.944231987 7.4629983902 -8.14999675751 
7.62643194199 -6.95926809311 7.4629983902 -8.14999675751 
7.6237244606 -6.9566116333 7.4629983902 -8.14999675751 
7.58328914642 -6.97972202301 7.4629983902 -8.14999675751 
7.623898983 -6.97415304184 7.4629983902 -8.14999675751 
7.65071868896 -6.9762840271 7.4629983902 -8.14999675751 
7.63475179672 -6.97283554077 7.4629983902 -8.14999675751 
7.5642747879 -6.9382314682 7.4629983902 -8.14999675751 
7.63133001328 -7.01664209366 7.4629983902 -8.14999675751 
7.5643248558 -7.00272274017 7.4629983902 -8.14999675751 
7.59354019165 -7.01634073257 7.4629983902 -8.14999675751 
7.56903171539 -7.01665210724 7.4629983902 -8.14999675751 
7.5432267189 -7.01599645615 7.4629983902 -8.14999675751 
7.60390949249 -7.03548955917 7.4629983902 -8.14999675751 
7.54403448105 -7.03576135635 7.4629983902 -8.14999675751 
7.5355424881 -7.03596782684 7.4629983902 -8.14999675751 
7.5515832901 -7.07969903946 7.4629983902 -8.14999675751 
7.49913787842 -7.06567621231 7.4629983902 -8.14999675751 
7.54524898529 -7.07665157318 7.4629983902 -8.14999675751 
7.52580165863 -7.05353689194 7.4629983902 -8.14999675751 
7.47561264038 -7.05223369598 7.4629983902 -8.14999675751 
7.51319408417 -7.10125350952 7.4629983902 -8.14999675751 
7.49473190308 -7.09640216827 7.4629983902 -8.14999675751 
7.52644062042 -7.04936313629 7.4629983902 -8.14999675751 
7.56472015381 -7.0644197464 7.4629983902 -8.14999675751 
7.48717975616 -7.08965301514 7.4629983902 -8.14999675751 
7.54203414917 -7.12609624863 7.4629983902 -8.14999675751 
7.49064779282 -7.11270999908 7.4629983902 -8.14999675751 
7.48490142822 -7.11827325821 7.4629983902 -8.14999675751 
7.51807260513 -7.16025447845 7.4629983902 -8.14999675751 
7.42982387543 -7.14135503769 7.4629983902 -8.14999675751 
7.46236944199 -7.16650772095 7.4629983902 -8.14999675751 
7.47776031494 -7.17551422119 7.4629983902 -8.14999675751 
7.45864772797 -7.16349172592 7.4629983902 -8.14999675751 
7.45660400391 -7.15157413483 7.4629983902 -8.14999675751 
7.42838764191 -7.15439128876 7.4629983902 -8.14999675751 
7.45128154755 -7.17324924469 7.4629983902 -8.14999675751 
7.44023609161 -7.1901679039 7.4629983902 -8.14999675751 
7.44144678116 -7.19612026215 7.4629983902 -8.14999675751 
7.48519134521 -7.19651317596 7.4629983902 -8.14999675751 
7.45691919327 -7.20756053925 7.4629983902 -8.14999675751 
7.46835947037 -7.20305919647 7.4629983902 -8.14999675751 
7.45496749878 -7.19837856293 7.4629983902 -8.14999675751 
7.45534038544 -7.19714260101 7.4629983902 -8.14999675751 
7.45804309845 -7.20066833496 7.4629983902 -8.14999675751 
7.45841598511 -7.19218921661 7.4629983902 -8.14999675751 
7.44664525986 -7.18081951141 7.4629983902 -8.14999675751 
7.44769906998 -7.18555307388 7.4629983902 -8.14999675751 
7.46305608749 -7.20100021362 7.4629983902 -8.14999675751 
7.45095682144 -7.18695735931 7.4629983902 -8.14999675751 
7.46252298355 -7.19502782822 7.4629983902 -8.14999675751 
7.46906518936 -7.19963550568 7.4629983902 -8.14999675751 
7.46965646744 -7.197660923 7.4629983902 -8.14999675751 
7.45618534088 -7.18285369873 7.4629983902 -8.14999675751 
7.45890712738 -7.19481039047 7.4629983902 -8.14999675751 
7.45383691788 -7.18371677399 7.4629983902 -8.14999675751 
7.44570541382 -7.18117904663 7.4629983902 -8.14999675751 
7.44426345825 -7.18825244904 7.4629983902 -8.14999675751 
7.45294952393 -7.1866979599 7.4629983902 -8.14999675751 
7.45075464249 -7.18632030487 7.4629983902 -8.14999675751 
7.46477985382 -7.18699407578 7.4629983902 -8.14999675751 
7.46494817734 -7.19460010529 7.4629983902 -8.14999675751 
7.46706771851 -7.19287586212 7.4629983902 -8.14999675751 
7.45935821533 -7.18113946915 7.4629983902 -8.14999675751 
7.45817041397 -7.19019794464 7.4629983902 -8.14999675751 
7.45407485962 -7.18357563019 7.4629983902 -8.14999675751 
7.45075130463 -7.17927408218 7.4629983902 -8.14999675751 
7.45138788223 -7.18625354767 7.4629983902 -8.14999675751 
7.45618152618 -7.17726278305 7.4629983902 -8.14999675751 
7.45120096207 -7.18024301529 7.4629983902 -8.14999675751 
7.46591424942 -7.18808746338 7.4629983902 -8.14999675751 
7.47097921371 -7.19665241241 7.4629983902 -8.14999675751 
7.45954370499 -7.19189071655 7.4629983902 -8.14999675751 
7.46349477768 -7.1760635376 7.4629983902 -8.14999675751 
7.45708703995 -7.18369913101 7.4629983902 -8.14999675751 
7.46790790558 -7.18880176544 7.4629983902 -8.14999675751 
7.44976902008 -7.17445373535 7.4629983902 -8.14999675751 
7.46020889282 -7.18493270874 7.4629983902 -8.14999675751 
7.45816421509 -7.17837047577 7.4629983902 -8.14999675751 
7.45529842377 -7.17627477646 7.4629983902 -8.14999675751 
7.47032785416 -7.17947149277 7.4629983902 -8.14999675751 
7.46976566315 -7.18478155136 7.4629983902 -8.14999675751 
7.45416545868 -7.17719364166 7.4629983902 -8.14999675751 
7.45704030991 -7.1662902832 7.4629983902 -8.14999675751 
7.45112895966 -7.17266225815 7.4629983902 -8.14999675751 
7.44884872437 -7.17153835297 7.4629983902 -8.14999675751 
7.4358382225 -7.16118907928 7.4629983902 -8.14999675751 
7.44280529022 -7.16993618011 7.4629983902 -8.14999675751 
7.44421482086 -7.16505813599 7.4629983902 -8.14999675751 
7.46943950653 -7.17438411713 7.4629983902 -8.14999675751 
7.44567012787 -7.16232013702 7.4629983902 -8.14999675751 
7.46215724945 -7.17124271393 7.4629983902 -8.14999675751 
7.47311306 -7.18186283112 7.4629983902 -8.14999675751 
7.42268514633 -7.1830201149 7.4629983902 -8.14999675751 
7.44276952744 -7.19932174683 7.4629983902 -8.14999675751 
7.41730594635 -7.19096469879 7.4629983902 -8.14999675751 
7.38551187515 -7.18543100357 7.4629983902 -8.14999675751 
7.38730382919 -7.18855524063 7.4629983902 -8.14999675751 
7.38750934601 -7.18896389008 7.4629983902 -8.14999675751 
7.39091396332 -7.1847281456 7.4629983902 -8.14999675751 
7.4166059494 -7.20194387436 7.4629983902 -8.14999675751 
7.40896701813 -7.19251394272 7.4629983902 -8.14999675751 
7.41064929962 -7.19526672363 7.4629983902 -8.14999675751 
7.35969161987 -7.17542362213 7.4629983902 -8.14999675751 
7.37756109238 -7.22625589371 7.4629983902 -8.14999675751 
7.376101017 -7.2215051651 7.4629983902 -8.14999675751 
7.37924432755 -7.22744131088 7.4629983902 -8.14999675751 
7.37958240509 -7.22556447983 7.4629983902 -8.14999675751 
7.37712240219 -7.21650981903 7.4629983902 -8.14999675751 
7.37522363663 -7.22710943222 7.4629983902 -8.14999675751 
7.37786388397 -7.22581624985 7.4629983902 -8.14999675751 
7.39874649048 -7.2137260437 7.4629983902 -8.14999675751 
7.33384037018 -7.1949930191 7.4629983902 -8.14999675751 
7.35319757462 -7.15761089325 7.4629983902 -8.14999675751 
7.41329717636 -7.21771907806 7.4629983902 -8.14999675751 
7.36245250702 -7.18823623657 7.4629983902 -8.14999675751 
7.41102457047 -7.18949270248 7.4629983902 -8.14999675751 
7.36874628067 -7.1858124733 7.4629983902 -8.14999675751 
7.38893604279 -7.19100475311 7.4629983902 -8.14999675751 
7.36468362808 -7.18741321564 7.4629983902 -8.14999675751 
7.40463781357 -7.2090215683 7.4629983902 -8.14999675751 
7.4454665184 -7.2233543396 7.4629983902 -8.14999675751 
7.36343240738 -7.24983119965 7.4629983902 -8.14999675751 
7.43476772308 -7.27227878571 7.4629983902 -8.14999675751 
7.39217281342 -7.28594207764 7.4629983902 -8.14999675751 
7.34413290024 -7.25983285904 7.4629983902 -8.14999675751 
7.45231628418 -7.28854751587 7.4629983902 -8.14999675751 
7.33923959732 -7.33014059067 7.4629983902 -8.14999675751 
7.42827510834 -7.3350725174 7.4629983902 -8.14999675751 
7.43136835098 -7.37566375732 7.4629983902 -8.14999675751 
7.38267278671 -7.37299585342 7.4629983902 -8.14999675751 
7.40471029282 -7.38422107697 7.4629983902 -8.14999675751 
7.39023351669 -7.38964939117 7.4629983902 -8.14999675751 
7.36574459076 -7.39704418182 7.4629983902 -8.14999675751 
7.416472435 -7.44119405746 7.4629983902 -8.14999675751 
7.35902786255 -7.45300912857 7.4629983902 -8.14999675751 
7.37463760376 -7.46332406998 7.4629983902 -8.14999675751 
7.4115190506 -7.47799968719 7.4629983902 -8.14999675751 
7.32183599472 -7.48399829865 7.4629983902 -8.14999675751 
7.36785364151 -7.52710819244 7.4629983902 -8.14999675751 
7.3690237999 -7.52733325958 7.4629983902 -8.14999675751 
